2016-01-01	-0.013882	210.48	212.89	208.90	208.20	12727309
2015-12-31	0.019287	214.54	216.77	212.08	214.12	36373916
2015-12-30	-0.046631	204.54	205.20	201.61	206.35	26328587
2015-12-29	0.013704	207.34	208.49	207.00	208.85	78125752
2015-12-28	0.010097	209.43	211.50	207.99	209.41	2834283
2015-12-25	0.033192	216.39	217.38	214.45	215.99	46143164
2015-12-24	0.040076	225.06	229.59	222.36	225.82	75716239
2015-12-23	-0.043877	215.18	215.80	213.65	217.07	49974476
2015-12-22	0.016978	218.84	220.33	217.16	218.20	2864375
2015-12-21	-0.021315	214.17	216.78	213.90	213.72	31359394
2015-12-18	-0.010933	211.83	212.82	211.76	210.46	12922213
2015-12-17	0.000226	211.88	212.53	207.90	210.72	61991783
2015-12-16	-0.034634	204.54	205.76	198.67	204.43	6096762
2015-12-15	0.015569	207.72	209.51	203.10	209.54	21020650
2015-12-14	-0.004674	206.75	207.79	204.66	208.04	94710375
2015-12-11	0.018581	210.59	214.26	207.55	211.18	4757098
2015-12-10	0.020925	215.00	215.90	212.29	215.18	55609915
2015-12-09	-0.012788	212.25	212.56	211.57	209.76	22399950
2015-12-08	-0.001240	211.99	211.99	208.21	213.03	27526674
2015-12-07	-0.001513	211.67	212.58	211.03	213.65	7561783
2015-12-04	0.007043	213.16	217.28	212.18	215.31	25590329
2015-12-03	0.008859	215.05	216.99	212.71	215.13	38014351
2015-12-02	0.037104	223.03	225.44	221.67	223.15	46428209
2015-12-01	0.011110	225.50	226.95	223.81	225.95	17451568
2015-11-30	0.035522	233.51	233.58	228.96	235.37	82761535
2015-11-27	0.001627	233.89	235.74	232.80	232.13	14567407
2015-11-26	0.018453	238.21	240.44	236.15	237.90	53379972
2015-11-25	0.009890	240.57	240.99	237.07	243.25	71205962
2015-11-24	0.000305	240.64	242.05	238.10	238.99	37720019
2015-11-23	-0.041699	230.61	233.34	230.50	230.90	67842101
2015-11-20	0.006754	232.16	232.98	229.24	233.75	59342774
2015-11-19	0.040248	241.51	248.56	241.32	243.49	82180580
2015-11-18	-0.009954	239.10	244.39	234.94	239.01	58924414
2015-11-17	-0.028872	232.20	235.74	230.18	233.61	9223072
2015-11-16	0.026696	238.40	240.60	235.28	239.17	21065200
2015-11-13	-0.024355	232.59	233.81	231.32	231.49	65152747
2015-11-12	-0.010824	230.07	231.43	228.53	231.85	93284045
2015-11-11	-0.035602	221.88	222.73	219.95	221.81	29416259
2015-11-10	0.000448	221.98	223.64	220.29	223.17	64960112
2015-11-09	0.007758	223.71	226.58	220.53	224.09	94451180
2015-11-06	0.007661	225.42	229.29	225.24	227.36	24191470
2015-11-05	0.032048	232.64	233.80	231.22	234.60	12775071
2015-11-04	0.001053	232.89	233.70	230.73	232.75	73186037
2015-11-03	-0.003841	231.99	233.67	231.50	232.67	48825926
2015-11-02	-0.019750	227.41	229.98	226.44	226.15	12189644
2015-10-30	-0.024643	221.81	222.29	219.28	221.82	84580399
2015-10-29	-0.022596	216.80	220.08	216.71	217.76	12881667
2015-10-28	0.019598	221.04	221.87	219.82	222.00	73476107
2015-10-27	-0.017501	217.18	219.53	216.42	219.04	18130737
2015-10-26	-0.034058	209.78	212.70	209.77	209.41	18178419
2015-10-23	0.022412	214.48	214.86	213.67	211.98	14175280
2015-10-22	0.027566	220.39	222.25	219.34	219.79	10606972
2015-10-21	0.022015	225.25	226.29	221.18	225.32	74966874
2015-10-20	-0.020186	220.70	223.23	220.65	221.27	18292972
2015-10-19	0.005919	222.00	224.00	218.80	221.39	82892166
2015-10-16	0.000387	222.09	225.21	221.24	223.82	48627220
2015-10-15	0.025110	227.67	230.06	223.97	230.08	62681481
2015-10-14	-0.009912	225.41	225.44	224.21	224.44	51935977
2015-10-13	-0.007020	223.83	229.28	221.32	222.17	99891035
2015-10-12	0.006313	225.24	225.32	224.29	224.65	50522326
2015-10-09	0.055926	237.84	239.02	235.58	239.27	81889415
2015-10-08	0.001083	238.10	242.50	236.93	237.36	27062275
2015-10-07	0.041140	247.89	248.43	245.25	248.92	87660328
2015-10-06	0.004372	248.97	252.24	246.73	248.60	1327506
2015-10-05	-0.015285	245.17	247.58	241.52	244.63	98662754
2015-10-02	0.028638	252.19	254.63	251.94	252.97	74462610
2015-10-01	-0.001592	251.79	252.75	247.17	252.23	31104399
2015-09-30	-0.001606	251.38	252.17	249.68	249.40	31642305
2015-09-29	0.007285	253.22	253.42	249.88	253.69	88607922
2015-09-28	-0.027466	246.26	248.88	243.19	245.97	16263829
2015-09-25	-0.011486	243.43	246.55	243.37	243.99	18072450
2015-09-24	0.020918	248.52	250.77	248.16	248.63	57831782
2015-09-23	-0.010344	245.95	252.03	245.02	244.01	50611970
2015-09-22	0.028609	252.99	253.11	252.31	253.57	24678680
2015-09-21	-0.003129	252.20	254.98	250.06	251.19	28922061
2015-09-18	-0.005508	250.81	251.95	249.91	250.34	32392091
2015-09-17	0.000516	250.94	256.78	241.20	250.14	39232927
2015-09-16	-0.015247	247.11	248.42	244.26	248.07	10865387
2015-09-15	-0.015491	243.28	244.01	241.98	243.42	87481050
2015-09-14	-0.020530	238.29	240.78	237.13	237.81	70988182
2015-09-11	-0.001057	238.04	240.08	236.99	236.89	84645509
2015-09-10	0.015331	241.69	242.60	240.18	241.09	27196572
2015-09-09	-0.005573	240.34	242.40	238.28	240.34	44423650
2015-09-08	-0.020869	235.33	237.15	231.73	235.68	2577373
2015-09-07	-0.047514	224.14	224.24	224.13	225.04	13964107
2015-09-04	-0.008928	222.14	224.21	219.97	221.53	66830827
2015-09-03	-0.027841	215.96	217.17	213.28	215.34	5641160
2015-09-02	-0.019816	211.68	214.35	211.16	210.67	80860116
2015-09-01	0.018061	215.50	218.99	213.73	214.43	99437683
2015-08-31	-0.009528	213.45	217.00	213.06	215.83	42778822
2015-08-28	0.008021	215.16	215.19	212.04	216.49	79312178
2015-08-27	0.010806	217.49	220.48	217.24	216.27	89430205
2015-08-26	-0.013480	214.55	216.17	214.30	214.66	53082752
2015-08-25	0.001032	214.78	218.66	213.62	215.27	70255585
2015-08-24	-0.042131	205.73	206.41	201.96	206.15	32869861
2015-08-21	0.031528	212.21	213.60	212.16	210.21	51997645
2015-08-20	-0.008127	210.49	210.92	208.28	209.95	70588523
2015-08-19	-0.004271	209.59	210.02	206.52	209.72	9996925
2015-08-18	-0.023393	204.69	206.19	202.78	205.69	92260053
2015-08-17	0.007919	206.31	207.55	205.38	206.71	44707015
2015-08-14	-0.001393	206.02	207.77	203.10	207.42	43707729
2015-08-13	0.034410	213.11	213.59	212.70	212.42	56791642
2015-08-12	-0.016599	209.57	210.33	209.33	209.36	92547079
2015-08-11	-0.015996	206.22	207.41	202.79	205.94	95101464
2015-08-10	0.012691	208.84	211.85	208.06	209.51	32583454
2015-08-07	0.009219	210.76	211.04	209.94	210.86	35344902
2015-08-06	0.010035	212.88	216.49	212.35	212.44	10298366
2015-08-05	0.025876	218.39	218.56	217.81	218.98	3395697
2015-08-04	0.000421	218.48	220.79	214.38	219.52	98861184
2015-08-03	-0.010371	216.21	216.41	214.84	216.49	29795146
2015-07-31	0.000416	216.30	217.26	213.76	216.76	77787103
2015-07-30	-0.012963	213.50	216.54	210.53	213.53	93577686
2015-07-29	0.035238	221.02	221.43	220.04	219.93	3153993
2015-07-28	0.006105	222.37	223.67	220.02	224.69	19652047
2015-07-27	0.019996	226.82	228.99	226.65	227.77	33103218
2015-07-24	0.050306	238.23	242.40	237.13	238.76	97639970
2015-07-23	0.011039	240.86	241.44	238.08	241.10	81670970
2015-07-22	-0.004065	239.88	241.40	239.83	240.74	58346906
2015-07-21	0.001562	240.25	243.89	231.37	238.47	55343535
2015-07-20	0.003936	241.20	242.20	241.11	239.74	32562056
2015-07-17	-0.020434	236.27	236.97	235.81	235.28	5641653
2015-07-16	0.019192	240.80	244.57	236.82	241.02	2801745
2015-07-15	0.021513	245.98	246.92	243.05	247.77	1156986
2015-07-14	0.015760	249.86	251.55	247.73	250.08	4433129
2015-07-13	-0.006323	248.28	251.30	244.76	248.47	81737094
2015-07-10	-0.004820	247.08	247.49	245.09	244.76	6166082
2015-07-09	-0.036924	237.96	238.37	235.57	238.01	32258245
2015-07-08	0.039239	247.30	248.55	246.90	246.11	83508487
2015-07-07	-0.000364	247.21	249.53	245.85	246.28	64970933
2015-07-06	0.018438	251.77	253.63	249.31	251.00	96595348
2015-07-03	0.018360	256.39	259.71	254.13	257.05	46958077
2015-07-02	0.023368	262.38	264.93	259.66	263.00	87099696
2015-07-01	0.003725	263.36	266.24	259.62	263.61	4657385
2015-06-30	0.006311	265.02	266.06	264.39	263.91	46929204
2015-06-29	0.016219	269.32	273.86	265.72	269.77	78106751
2015-06-26	-0.016097	264.98	269.28	263.52	263.57	74324682
2015-06-25	-0.004087	263.90	264.25	259.42	265.20	45911382
2015-06-24	-0.007886	261.82	262.19	259.26	259.85	86875351
2015-06-23	-0.013169	258.37	260.55	257.14	259.29	34843676
2015-06-22	0.006710	260.10	260.13	255.13	258.10	72888825
2015-06-19	0.004130	261.18	262.56	259.08	261.24	76603299
2015-06-18	0.032811	269.75	273.16	269.29	268.93	69906085
2015-06-17	0.021316	275.50	277.37	274.84	275.50	72749178
2015-06-16	-0.007776	273.36	274.54	271.47	272.83	39622936
2015-06-15	-0.014509	269.39	272.72	267.75	268.20	27277994
2015-06-12	0.006245	271.07	272.64	269.57	270.28	31401429
2015-06-11	-0.003116	270.23	273.46	268.27	269.77	18883179
2015-06-10	0.012659	273.65	273.97	272.81	274.85	21426392
2015-06-09	-0.008109	271.43	271.48	270.24	271.43	14225886
2015-06-08	-0.007291	269.45	271.03	267.36	270.24	22078371
2015-06-05	-0.008895	267.05	270.22	266.57	266.33	88753920
2015-06-04	0.014541	270.94	273.56	268.92	272.44	61418199
2015-06-03	0.032080	279.63	281.29	277.32	277.23	60055701
2015-06-02	0.010966	282.70	283.23	281.01	282.47	53299464
2015-06-01	0.015859	287.18	291.73	285.19	287.48	81499929
2015-05-29	-0.015656	282.68	284.08	282.66	283.88	25544628
2015-05-28	0.019190	288.11	292.68	286.02	287.45	63036603
2015-05-27	-0.021660	281.87	285.77	280.82	280.49	86981876
2015-05-26	0.026375	289.30	295.25	284.48	291.70	71857533
2015-05-25	0.008871	291.87	295.16	290.33	292.51	61969268
2015-05-22	-0.025659	284.38	284.98	283.30	284.46	59055080
2015-05-21	0.013517	288.22	289.28	285.17	287.78	64051971
2015-05-20	0.010100	291.13	291.42	290.52	290.00	3576593
2015-05-19	0.039677	302.68	303.39	295.48	304.69	63225508
2015-05-18	-0.063552	283.45	290.27	281.38	285.09	16978177
2015-05-15	0.012410	286.97	288.08	279.38	287.40	67125493
2015-05-14	-0.008712	284.47	285.60	281.62	283.66	23262287
2015-05-13	-0.003120	283.58	285.99	283.30	284.64	73020800
2015-05-12	0.015222	287.89	291.27	283.93	286.09	1688267
2015-05-11	-0.000514	287.75	288.08	286.70	284.74	16453237
2015-05-08	-0.027389	279.87	283.38	276.17	281.95	62559283
2015-05-07	0.002300	280.51	281.62	280.44	279.48	69268693
2015-05-06	0.024209	287.30	287.96	283.99	285.78	77065982
2015-05-05	0.027173	295.11	296.07	293.87	296.89	66098445
2015-05-04	0.020313	301.10	302.19	300.40	301.48	49403939
2015-05-01	-0.021294	294.69	296.48	292.87	298.15	25345349
2015-04-30	0.005930	296.44	300.63	295.69	294.22	39728901
2015-04-29	-0.010895	293.21	295.45	292.47	292.41	61482097
2015-04-28	0.010230	296.21	301.36	293.17	294.64	72966990
2015-04-27	0.013425	300.18	302.45	295.09	300.59	33020698
2015-04-24	-0.012797	296.34	298.93	296.21	295.45	77367152
2015-04-23	0.001833	296.89	301.35	290.37	297.39	70105928
2015-04-22	-0.047123	282.90	287.96	280.69	283.73	85481418
2015-04-21	0.004510	284.17	287.62	278.67	281.66	37712301
2015-04-20	-0.001602	283.72	285.69	279.81	283.34	68786151
2015-04-17	0.000506	283.86	287.83	282.16	282.91	19494971
2015-04-16	0.014255	287.91	289.37	285.38	288.44	95853538
2015-04-15	0.002153	288.53	293.44	287.01	287.43	63902019
2015-04-14	0.008902	291.09	292.55	290.98	287.36	35014569
2015-04-13	-0.005694	289.44	291.90	286.01	289.94	60914835
2015-04-10	0.054154	305.11	306.02	303.18	303.71	73249591
2015-04-09	0.010480	308.31	308.96	307.74	307.93	82268418
2015-04-08	-0.031939	298.46	301.41	298.24	298.08	91814935
2015-04-07	0.025001	305.92	306.91	304.54	303.93	39563350
2015-04-06	-0.009492	303.02	308.22	300.51	305.00	58504290
2015-04-03	-0.006061	301.18	302.98	291.33	301.02	19620960
2015-04-02	-0.010785	297.93	301.56	295.81	299.14	98118332
2015-04-01	0.025530	305.54	309.41	299.26	303.96	48680707
2015-03-31	0.001435	305.98	306.87	294.51	305.65	43472015
2015-03-30	-0.011660	302.41	308.10	298.72	303.95	23159326
2015-03-27	-0.003681	301.30	301.97	295.69	300.70	77862328
2015-03-26	0.016175	306.17	307.99	305.51	304.97	89106853
2015-03-25	-0.006347	304.23	304.82	303.94	303.14	8809369
2015-03-24	0.002750	305.06	309.90	304.45	305.04	28982039
2015-03-23	-0.016831	299.93	300.25	295.30	298.69	11067499
2015-03-20	-0.005318	298.34	301.74	294.59	299.21	59035503
2015-03-19	0.019359	304.11	308.48	300.93	302.60	42090111
2015-03-18	0.001343	304.52	307.05	301.76	304.54	6581430
2015-03-17	-0.011067	301.15	306.34	298.19	302.99	67726549
2015-03-16	0.031182	310.54	311.41	308.11	313.11	25716471
2015-03-13	-0.000154	310.49	313.09	309.87	310.14	71524990
2015-03-12	-0.006520	308.47	313.62	304.07	311.06	13939316
2015-03-11	-0.000863	308.20	308.79	302.12	307.34	67168532
2015-03-10	-0.001342	307.79	308.73	305.22	307.46	62631723
2015-03-09	0.003596	308.89	309.11	308.47	308.91	54321914
2015-03-06	0.005992	310.75	314.50	308.00	310.85	20893828
2015-03-05	-0.010444	307.50	311.48	305.59	307.62	10758394
2015-03-04	0.009968	310.57	313.32	304.76	310.13	83722446
2015-03-03	0.011121	314.02	317.12	307.71	314.24	34263930
2015-03-02	0.001399	314.46	319.56	313.53	315.31	82466881
2015-02-27	0.014378	318.98	322.37	318.75	319.24	13943382
2015-02-26	0.001534	319.47	322.73	315.74	320.18	12276642
2015-02-25	-0.016078	314.33	314.64	313.25	316.25	62967977
2015-02-24	0.017290	319.77	321.34	319.17	318.55	81286244
2015-02-23	0.006415	321.82	327.58	321.65	320.40	62488540
2015-02-20	0.001168	322.19	328.76	321.36	323.22	85481872
2015-02-19	-0.008671	319.40	319.62	318.43	320.83	20530576
2015-02-18	-0.041388	306.18	307.67	300.05	309.15	29902409
2015-02-17	-0.012057	302.49	312.88	298.02	301.22	40298510
2015-02-16	0.021642	309.04	310.11	301.77	308.66	80847365
2015-02-13	-0.012484	305.18	308.29	304.48	302.75	57592663
2015-02-12	0.007118	307.35	311.34	304.59	308.25	3959864
2015-02-11	0.026065	315.36	321.53	315.19	314.84	29060052
2015-02-10	0.039025	327.67	328.38	327.40	330.65	3570062
2015-02-09	0.000642	327.88	332.81	326.16	329.75	81623531
2015-02-06	0.005171	329.57	334.44	323.01	331.56	27408950
2015-02-05	-0.030188	319.63	322.39	317.38	318.90	23317946
2015-02-04	-0.002939	318.69	324.25	314.79	319.14	45648257
2015-02-03	-0.010940	315.20	315.78	311.88	316.95	77923033
2015-02-02	0.033658	325.81	326.07	321.70	324.50	74987385
2015-01-30	0.002949	326.77	326.90	326.75	326.60	39098885
2015-01-29	0.002018	327.43	328.26	321.81	327.88	61880654
2015-01-28	-0.020333	320.77	322.64	320.48	322.73	29302882
2015-01-27	0.001994	321.41	323.28	316.96	323.08	45383550
2015-01-26	-0.019329	315.20	316.71	312.28	314.64	51456771
2015-01-23	-0.017435	309.70	310.61	306.73	312.40	3467873
2015-01-22	-0.030947	300.12	303.48	294.85	297.87	40377952
2015-01-21	0.045830	313.87	317.38	313.66	314.33	69419520
2015-01-20	-0.006455	311.85	318.03	310.82	311.10	33218495
2015-01-19	-0.008475	309.20	311.71	307.66	309.87	16883148
2015-01-16	-0.038007	297.45	302.14	295.21	296.72	59447120
2015-01-15	0.007406	299.66	302.48	295.59	297.10	90053502
2015-01-14	0.011015	302.96	306.05	301.37	305.03	3320201
2015-01-13	-0.050985	287.51	290.62	282.11	286.95	79080773
2015-01-12	0.009536	290.25	294.59	285.32	290.81	63979121
2015-01-09	0.008278	292.65	294.57	291.36	291.18	21483802
2015-01-08	0.032684	302.22	303.20	300.29	300.05	83444308
2015-01-07	0.017707	307.57	308.18	306.37	306.07	42550565
2015-01-06	0.010630	310.84	312.83	310.53	312.20	87227984
2015-01-05	-0.038117	298.99	302.95	297.06	299.08	58006986
2015-01-02	0.016901	304.04	309.48	298.57	301.79	97190092
2015-01-01	-0.003049	303.12	304.37	298.15	300.05	3602363
2014-12-31	-0.009118	300.35	302.11	299.95	299.47	85479735
2014-12-30	0.032161	310.01	311.00	305.23	309.36	51750772
2014-12-29	0.012373	313.85	318.04	313.52	312.82	28909890
2014-12-26	0.035459	324.98	329.48	321.94	325.08	64440266
2014-12-25	0.014150	329.58	330.25	328.65	332.60	15359028
2014-12-24	-0.002308	328.82	330.10	327.27	329.79	14942635
2014-12-23	-0.002769	327.91	334.38	327.59	327.34	54647695
2014-12-22	0.004138	329.26	331.61	325.56	329.70	55355559
2014-12-19	-0.024385	321.23	324.46	319.29	319.13	79747336
2014-12-18	-0.008896	318.38	321.31	312.80	320.33	34030410
2014-12-17	0.005088	320.00	327.70	312.18	322.54	59381892
2014-12-16	0.003846	321.23	322.82	320.53	319.29	36719214
2014-12-15	0.021850	328.25	331.05	325.66	328.51	27947967
2014-12-12	0.005832	330.16	331.97	328.35	327.51	35939057
2014-12-11	-0.012316	326.09	330.27	323.57	323.75	97235284
2014-12-10	-0.012905	321.89	326.79	321.51	323.88	66524183
2014-12-09	-0.016670	316.52	321.81	314.54	317.33	86288416
2014-12-08	-0.028179	307.60	310.18	304.00	309.24	57860508
2014-12-05	-0.000113	307.57	314.29	306.53	306.54	50498174
2014-12-04	0.011312	311.04	313.66	307.04	310.54	4169413
2014-12-03	0.007238	313.30	316.81	313.09	312.59	75332288
2014-12-02	0.003434	314.37	314.75	313.48	313.60	95575638
2014-12-01	-0.021898	307.49	311.01	301.89	306.19	57935293
2014-11-28	-0.002921	306.59	308.77	303.67	306.55	96441603
2014-11-27	-0.005118	305.02	306.26	301.05	303.79	65580362
2014-11-26	-0.005749	303.27	304.42	301.89	305.96	47082414
2014-11-25	0.020029	309.34	311.06	304.97	309.11	46973438
2014-11-24	-0.007243	307.10	309.25	303.38	307.91	99072279
2014-11-21	-0.038134	295.39	295.88	293.06	295.06	62822456
2014-11-20	-0.012589	291.67	295.87	290.69	291.87	69275933
2014-11-19	-0.015151	287.25	288.50	286.80	286.42	80785748
2014-11-18	0.015367	291.67	293.57	291.42	293.91	95473071
2014-11-17	0.025535	299.11	302.98	290.43	301.47	68423003
2014-11-14	-0.018641	293.54	295.04	287.42	298.69	35296392
2014-11-13	-0.002076	292.93	295.66	290.29	292.72	61228515
2014-11-12	-0.006940	290.89	292.24	286.57	290.35	7724252
2014-11-11	0.010671	294.00	298.61	293.92	294.84	35926399
2014-11-10	-0.026342	286.25	286.56	282.87	287.08	78554593
2014-11-07	0.010692	289.31	290.33	286.95	288.26	54117228
2014-11-06	-0.019860	283.57	287.37	282.06	286.73	31154399
2014-11-05	0.018537	288.83	292.24	285.82	287.96	95987940
2014-11-04	-0.008137	286.48	286.80	283.34	286.62	34602234
2014-11-03	-0.007559	284.31	286.89	284.25	283.90	74535077
2014-10-31	-0.005772	282.67	284.85	281.80	281.83	2245036
2014-10-30	-0.002448	281.98	283.28	278.00	281.95	87511506
2014-10-29	-0.010434	279.03	282.43	277.79	278.69	68065819
2014-10-28	0.038274	289.71	291.75	283.68	290.54	46158644
2014-10-27	-0.001724	289.22	292.02	285.97	289.48	68791456
2014-10-24	0.000721	289.42	292.69	287.47	287.58	3974298
2014-10-23	0.010153	292.36	296.78	289.62	294.39	16649469
2014-10-22	-0.005476	290.76	293.25	289.08	291.73	28279281
2014-10-21	0.001308	291.14	294.48	287.50	290.47	60457497
2014-10-20	0.049349	305.51	309.40	303.88	307.48	13437625
2014-10-17	-0.019870	299.44	300.96	298.84	302.30	19807930
2014-10-16	0.063563	318.47	320.30	316.21	318.76	39850275
2014-10-15	-0.000966	318.16	319.28	313.31	317.47	82313650
2014-10-14	0.002353	318.91	319.44	318.62	318.70	69065254
2014-10-13	-0.002849	318.00	318.11	316.69	319.42	71422732
2014-10-10	0.003496	319.12	320.52	316.32	318.98	79255784
2014-10-09	0.000833	319.38	322.98	317.57	321.82	9989713
2014-10-08	0.021175	326.15	328.62	323.96	324.73	22930961
2014-10-07	-0.030659	316.15	318.87	315.11	319.11	3997380
2014-10-06	-0.019822	309.88	311.16	307.78	314.54	68412674
2014-10-03	0.007642	312.25	315.06	311.56	311.62	18195834
2014-10-02	0.038277	324.20	327.13	321.76	324.23	18251869
2014-10-01	0.003006	325.17	329.16	323.87	325.09	17381260
2014-09-30	-0.011487	321.44	325.73	317.11	320.61	69248164
2014-09-29	-0.002489	320.64	322.61	319.54	321.60	60885546
2014-09-26	0.013514	324.97	327.42	322.18	323.62	4002418
2014-09-25	-0.008672	322.15	323.50	319.98	319.48	91729281
2014-09-24	-0.006847	319.95	322.81	316.79	320.42	30952682
2014-09-23	0.020710	326.57	329.19	324.67	324.07	2546926
2014-09-22	0.033891	337.64	338.95	336.07	339.70	3132057
2014-09-19	0.022416	345.21	346.63	344.12	343.53	13990631
2014-09-18	0.004723	346.84	348.52	346.38	345.23	29134608
2014-09-17	-0.024353	338.39	338.93	332.87	338.39	35241358
2014-09-16	0.020895	345.46	348.87	342.88	346.77	64493773
2014-09-15	0.000727	345.72	347.19	344.22	343.93	68447823
2014-09-12	-0.001140	345.32	349.41	337.40	347.81	54651730
2014-09-11	0.001179	345.73	346.89	344.52	346.42	36906156
2014-09-10	-0.035691	333.39	338.29	332.36	332.50	29063322
2014-09-09	-0.022881	325.76	326.33	324.18	322.87	35461596
2014-09-08	0.022036	332.94	334.23	328.45	330.81	18280799
2014-09-05	0.002878	333.90	335.22	330.10	335.79	78859521
2014-09-04	0.006342	336.02	341.37	333.50	335.55	64458236
2014-09-03	-0.049897	319.25	319.77	314.74	318.22	37741105
2014-09-02	0.003476	320.36	326.48	317.41	318.25	41933443
2014-09-01	-0.026546	311.86	312.88	310.75	310.83	8642223
2014-08-29	0.023846	319.29	323.83	319.18	319.14	56851795
2014-08-28	-0.007040	317.04	319.54	314.07	315.37	80379163
2014-08-27	-0.007914	314.53	315.95	311.30	313.57	15807830
2014-08-26	-0.033231	304.08	305.69	299.12	306.07	85995776
2014-08-25	-0.020912	297.72	297.93	292.69	297.20	30223130
2014-08-22	-0.034301	287.51	288.69	287.27	288.60	64310615
2014-08-21	-0.009365	284.82	286.68	284.01	283.77	22333090
2014-08-20	-0.014743	280.62	284.89	279.28	282.17	73728657
2014-08-19	0.002190	281.23	283.71	278.24	276.55	40908894
2014-08-18	0.013699	285.09	286.71	282.85	287.79	85817498
2014-08-15	0.006220	286.86	289.88	284.14	287.19	1755461
2014-08-14	0.011602	290.19	291.45	289.49	287.96	60880709
2014-08-13	0.018974	295.69	298.46	291.95	294.55	17354201
2014-08-12	0.013704	299.75	299.98	298.09	299.74	67933857
2014-08-11	-0.025347	292.15	296.13	289.82	291.47	8927976
2014-08-08	-0.019962	286.32	287.41	284.13	287.09	13839585
2014-08-07	-0.006409	284.48	284.49	283.42	284.51	16033256
2014-08-06	0.006545	286.34	288.93	285.91	289.10	74920961
2014-08-05	0.034233	296.15	302.36	294.29	295.97	2150993
2014-08-04	-0.000510	295.99	296.23	295.95	295.76	81878585
2014-08-01	0.014783	300.37	300.50	299.17	302.43	96717480
2014-07-31	-0.011242	296.99	297.96	295.10	294.92	67944611
2014-07-30	0.001863	297.55	301.61	294.11	297.03	54867934
2014-07-29	0.003673	298.64	302.06	295.91	297.88	90741791
2014-07-28	-0.034386	288.37	292.26	282.03	287.79	24586441
2014-07-25	-0.034797	278.34	282.32	276.64	279.34	81986463
2014-07-24	-0.008425	275.99	278.80	275.06	275.39	33996433
2014-07-23	0.002935	276.80	278.78	275.41	276.75	98420957
2014-07-22	0.012670	280.31	281.99	280.14	280.63	52168512
2014-07-21	0.012854	283.91	285.31	283.20	283.67	7025201
2014-07-18	-0.025755	276.60	277.90	275.09	278.62	96664896
2014-07-17	-0.007917	274.41	274.60	270.95	273.58	59443492
2014-07-16	0.005148	275.82	276.01	275.61	275.65	72597570
2014-07-15	0.011612	279.03	279.42	277.22	277.61	91154783
2014-07-14	0.012658	282.56	282.76	282.16	282.67	75321238
2014-07-11	-0.005321	281.05	281.41	279.85	278.42	51551860
2014-07-10	-0.005609	279.48	281.90	276.31	281.23	54727854
2014-07-09	-0.003530	278.49	279.16	275.24	279.46	28098063
2014-07-08	-0.001342	278.12	279.45	276.85	276.79	42959013
2014-07-07	0.021381	284.06	284.15	283.50	286.18	62792173
2014-07-04	-0.010707	281.02	285.81	276.75	281.59	85922473
2014-07-03	0.022756	287.42	287.58	283.43	285.74	48012686
2014-07-02	0.005776	289.08	289.86	283.69	289.37	69706698
2014-07-01	-0.028217	280.92	281.44	278.12	281.48	5583908
2014-06-30	-0.018373	275.76	278.04	275.58	276.62	93712326
2014-06-27	-0.003908	274.68	275.35	274.57	274.50	18966341
2014-06-26	0.006120	276.36	282.42	274.91	278.46	22027037
2014-06-25	-0.007185	274.38	275.08	274.24	274.08	17001923
2014-06-24	0.020233	279.93	280.12	279.25	280.54	99119733
2014-06-23	-0.021788	273.83	278.33	272.87	275.71	37469466
2014-06-20	0.018060	278.77	281.87	278.74	280.30	42347651
2014-06-19	-0.020415	273.08	273.60	272.00	274.33	82199789
2014-06-18	0.008005	275.27	278.56	270.26	275.75	34918267
2014-06-17	-0.043959	263.17	266.88	262.18	262.23	36514779
2014-06-16	-0.024884	256.62	256.78	251.18	258.12	3623315
2014-06-13	0.015016	260.47	263.51	256.09	261.47	55877583
2014-06-12	-0.016712	256.12	256.59	255.87	254.18	48416621
2014-06-11	-0.026292	249.39	251.46	247.34	247.82	35402815
2014-06-10	0.014267	252.94	254.68	252.87	254.03	97048178
2014-06-09	0.058602	267.77	269.23	264.03	268.82	36613041
2014-06-06	-0.006809	265.94	267.09	263.87	266.59	7787569
2014-06-05	0.015613	270.10	273.81	269.29	271.86	67367978
2014-06-04	-0.028512	262.39	263.62	262.08	265.18	86190793
2014-06-03	-0.011485	259.38	261.46	257.99	259.94	72930743
2014-06-02	0.014496	263.14	263.62	261.19	265.53	41977837
2014-05-30	0.013439	266.68	268.28	261.76	267.41	16994313
2014-05-29	-0.024883	260.04	261.32	258.36	257.78	56094870
2014-05-28	-0.028849	252.54	252.84	251.12	254.18	24876841
2014-05-27	-0.033325	244.12	247.05	242.16	244.32	97822628
2014-05-26	0.024965	250.22	251.24	248.08	250.56	81398821
2014-05-23	0.025387	256.57	261.42	252.59	255.82	96346549
2014-05-22	-0.011815	253.54	257.64	250.47	251.94	35492583
2014-05-21	0.020487	258.73	258.88	258.46	261.40	11750084
2014-05-20	-0.018568	253.93	255.94	252.90	254.43	21042116
2014-05-19	0.019246	258.82	259.88	258.30	259.86	19845422
2014-05-16	0.050310	271.84	272.54	270.87	271.38	17388898
2014-05-15	0.000792	272.05	274.20	269.90	272.04	33772859
2014-05-14	0.041960	283.47	284.46	283.46	284.20	1366611
2014-05-13	0.008194	285.79	291.49	283.50	286.83	17970435
2014-05-12	-0.011230	282.58	283.90	279.02	281.91	80377422
2014-05-09	-0.016941	277.79	278.50	275.60	279.13	66345671
2014-05-08	-0.021488	271.83	273.82	270.30	270.66	82801839
2014-05-07	-0.017461	267.08	275.27	262.78	265.11	61355289
2014-05-06	-0.007998	264.94	267.32	263.98	266.29	16835078
2014-05-05	-0.014506	261.10	262.12	260.80	260.97	27685069
2014-05-02	0.003652	262.05	265.48	261.49	261.42	4984274
2014-05-01	0.002651	262.75	263.89	262.53	264.06	7087654
2014-04-30	-0.031572	254.45	257.76	253.82	254.44	68677226
2014-04-29	-0.018389	249.77	253.95	244.20	250.06	77757566
2014-04-28	-0.014098	246.25	247.84	245.59	247.14	56306429
2014-04-25	0.031209	253.94	254.66	248.83	254.34	73596634
2014-04-24	0.005093	255.23	257.71	254.39	255.60	93786978
2014-04-23	-0.006286	253.63	255.83	249.62	256.72	48274934
2014-04-22	0.018458	258.31	260.40	253.73	259.02	54206914
2014-04-21	-0.054130	244.33	244.45	244.11	242.16	94258810
2014-04-18	0.034395	252.73	254.39	252.64	249.95	93979334
2014-04-17	-0.011764	249.76	251.89	249.19	249.79	60675331
2014-04-16	-0.009173	247.47	247.97	246.38	249.80	30953909
2014-04-15	-0.001864	247.00	248.60	246.95	247.28	77106129
2014-04-14	-0.003609	246.11	250.98	244.89	243.65	3249663
2014-04-11	-0.010523	243.52	245.92	241.91	242.33	26702474
2014-04-10	-0.005020	242.30	243.47	241.42	244.02	15114411
2014-04-09	0.015902	246.15	248.82	246.15	245.71	88110463
2014-04-08	0.010816	248.82	249.43	244.80	249.94	4310978
2014-04-07	-0.009278	246.51	247.34	244.35	246.48	99405785
2014-04-04	0.010744	249.16	249.53	247.07	247.77	91313181
2014-04-03	0.020185	254.18	254.68	248.62	252.07	49496928
2014-04-02	0.001662	254.61	255.59	253.77	252.63	46107051
2014-04-01	0.003127	255.40	260.11	255.30	253.75	7788951
2014-03-31	0.007245	257.25	260.40	254.85	257.91	2944909
2014-03-28	-0.039800	247.02	250.11	245.00	246.75	74828520
2014-03-27	0.015716	250.90	252.72	249.57	250.33	51819464
2014-03-26	-0.031650	242.96	244.09	242.76	242.69	26180636
2014-03-25	-0.020379	238.00	240.17	234.47	239.29	88324107
2014-03-24	0.008498	240.03	241.11	239.23	238.46	90434667
2014-03-21	0.026433	246.37	249.72	239.59	246.62	6057999
2014-03-20	0.022581	251.94	256.82	251.01	252.29	67107834
2014-03-19	0.011030	254.71	257.43	254.69	253.34	45881074
2014-03-18	-0.007313	252.85	255.03	251.00	253.41	78691592
2014-03-17	-0.019816	247.84	251.58	242.28	245.82	41372979
2014-03-14	-0.038842	238.21	239.28	237.51	237.89	68318242
2014-03-13	0.007341	239.96	241.15	237.53	239.30	71441426
2014-03-12	-0.034047	231.79	232.74	231.35	231.79	74211579
2014-03-11	-0.025148	225.96	227.24	225.51	225.23	79991174
2014-03-10	-0.028052	219.63	224.43	218.03	218.28	68914262
2014-03-07	-0.001196	219.36	220.16	219.36	220.25	55986963
2014-03-06	-0.011889	216.75	217.69	213.47	217.84	43724034
2014-03-05	0.010223	218.97	221.65	217.61	220.96	40504710
2014-03-04	0.015651	222.40	225.16	219.47	222.93	53838712
2014-03-03	-0.023648	217.14	217.88	215.59	218.16	21213093
2014-02-28	-0.016842	213.48	216.04	211.25	215.44	93600537
2014-02-27	-0.010714	211.19	213.24	210.17	210.48	43587387
2014-02-26	-0.035895	203.61	207.44	200.84	204.53	31737923
2014-02-25	0.000307	203.68	204.60	202.29	204.19	15692133
2014-02-24	0.017349	207.21	208.09	206.81	207.87	90271259
2014-02-21	0.008762	209.02	209.16	206.96	209.70	44695017
2014-02-20	0.003511	209.76	211.05	206.11	210.51	43885279
2014-02-19	-0.022839	204.97	206.15	204.74	206.50	3200691
2014-02-18	-0.010837	202.75	206.89	198.57	203.31	47648035
2014-02-17	0.021853	207.18	207.39	205.33	208.64	53516952
2014-02-14	0.013169	209.91	210.20	207.38	210.08	18225287
2014-02-13	-0.007789	208.27	209.36	207.34	207.94	84460202
2014-02-12	0.023298	213.12	215.05	211.70	212.76	51582929
2014-02-11	-0.013067	210.34	210.82	209.33	209.74	48071533
2014-02-10	0.009268	212.29	213.05	210.30	213.45	50269411
2014-02-07	-0.009902	210.19	210.61	210.05	210.23	11765236
2014-02-06	0.005044	211.25	212.33	209.07	211.91	9163482
2014-02-05	-0.001273	210.98	212.97	210.30	211.34	82470780
2014-02-04	-0.001103	210.74	211.65	210.40	210.84	64215262
2014-02-03	-0.019145	206.71	207.24	202.83	207.05	1096409
2014-01-31	0.010452	208.87	212.60	208.53	208.47	62890600
2014-01-30	0.009382	210.83	213.44	210.37	211.73	42195204
2014-01-29	-0.023060	205.97	209.14	205.68	205.62	52756311
2014-01-28	0.005227	207.04	207.15	205.95	207.64	42534784
2014-01-27	0.008178	208.74	210.18	203.21	208.49	43922622
2014-01-24	0.013019	211.46	213.49	209.76	212.80	48440663
2014-01-23	-0.010444	209.25	211.67	204.26	210.13	40498733
2014-01-22	-0.001856	208.86	209.04	207.48	209.02	22513052
2014-01-21	-0.030875	202.41	204.76	202.20	202.97	11803368
2014-01-20	-0.025970	197.15	198.29	195.95	196.31	90011952
2014-01-17	0.009827	199.09	203.86	197.03	198.36	2525303
2014-01-16	-0.019939	195.12	195.57	192.24	197.39	85203328
2014-01-15	-0.002117	194.71	194.80	193.85	191.66	66848942
2014-01-14	0.019910	198.58	198.92	198.24	198.15	93092089
2014-01-13	-0.004401	197.71	199.51	197.10	198.13	79142453
2014-01-10	0.006248	198.95	199.84	198.32	198.52	27457767
2014-01-09	0.012401	201.41	202.24	200.98	201.57	59375032
2014-01-08	0.015244	204.48	206.65	203.65	202.91	56790914
2014-01-07	-0.037111	196.89	198.73	194.27	196.19	23219789
2014-01-06	-0.008805	195.16	197.47	191.48	195.35	11387662
2014-01-03	0.000543	195.27	197.28	194.75	195.68	64692571
2014-01-02	0.006930	196.62	199.01	194.12	197.01	17717851
