2016-01-01	0.035883	161.71	161.76	158.59	160.35	88559612
2015-12-31	0.026438	165.98	169.79	165.55	165.63	98876077
2015-12-30	-0.028400	161.27	164.43	160.75	159.84	96526532
2015-12-29	0.014903	163.67	164.27	162.61	165.05	3686759
2015-12-28	-0.017154	160.86	161.42	160.61	160.48	50738239
2015-12-25	0.005224	161.70	162.04	160.61	162.27	70742002
2015-12-24	0.013519	163.89	167.66	163.43	163.90	86617714
2015-12-23	0.018306	166.89	166.91	164.65	167.69	10407193
2015-12-22	-0.004333	166.17	166.73	165.69	167.22	79938674
2015-12-21	-0.000520	166.08	167.76	162.84	164.85	50045024
2015-12-18	0.015330	168.63	170.47	166.71	168.84	28035786
2015-12-17	0.024152	172.70	173.57	171.88	171.82	89614969
2015-12-16	-0.009702	171.02	174.35	169.60	169.59	63693986
2015-12-15	-0.035725	164.91	166.76	161.48	164.04	45453856
2015-12-14	0.001895	165.23	167.86	164.42	166.22	92491663
2015-12-11	-0.006734	164.11	165.25	163.21	162.95	97076040
2015-12-10	0.015366	166.64	167.11	163.98	165.62	54574538
2015-12-09	0.014857	169.11	169.19	168.77	169.03	9462514
2015-12-08	-0.001287	168.89	169.64	167.28	169.17	95411303
2015-12-07	0.014562	171.35	172.11	169.60	171.38	28905784
2015-12-04	-0.033288	165.65	166.08	162.27	165.41	92020862
2015-12-03	0.005808	166.61	168.67	164.78	167.23	63208188
2015-12-02	-0.037554	160.35	160.97	159.60	159.52	63432942
2015-12-01	-0.007754	159.11	160.29	157.91	159.28	38551730
2015-11-30	0.001322	159.32	159.85	158.91	158.78	10528920
2015-11-27	-0.007674	158.10	159.40	155.62	155.93	40317923
2015-11-26	0.015993	160.63	161.00	158.48	160.57	85996056
2015-11-25	-0.008064	159.33	159.62	158.46	159.72	26991181
2015-11-24	-0.022959	155.67	155.75	154.01	154.26	13548088
2015-11-23	-0.031921	150.70	152.81	148.85	150.87	5515450
2015-11-20	-0.018431	147.93	148.49	144.75	148.74	78779344
2015-11-19	0.003133	148.39	148.48	146.62	149.05	40981740
2015-11-18	0.021304	151.55	156.50	147.97	151.79	90344789
2015-11-17	-0.009282	150.14	151.25	149.19	149.66	25281993
2015-11-16	-0.008978	148.80	150.22	148.58	147.99	5692448
2015-11-13	-0.012449	146.94	147.69	146.34	145.66	18791157
2015-11-12	-0.011887	145.20	145.71	143.34	144.67	3358077
2015-11-11	0.002015	145.49	147.08	143.58	146.03	74457583
2015-11-10	-0.017512	142.94	143.17	142.77	144.03	27643447
2015-11-09	-0.014363	140.89	142.47	140.35	140.58	20915623
2015-11-06	-0.029111	136.79	137.61	134.45	137.29	79137309
2015-11-05	0.055226	144.34	144.46	144.05	144.08	86561767
2015-11-04	0.030805	148.79	149.72	148.02	148.92	89645006
2015-11-03	-0.006464	147.83	147.91	147.68	146.38	56703361
2015-11-02	-0.007282	146.75	147.92	146.51	146.89	42597155
2015-10-30	0.002510	147.12	147.46	146.84	147.47	35641965
2015-10-29	-0.027342	143.10	144.40	142.72	143.53	19441906
2015-10-28	-0.011276	141.48	143.91	141.01	142.74	54597521
2015-10-27	0.013873	143.45	144.32	141.34	144.12	60033863
2015-10-26	0.012058	145.17	147.13	143.71	144.98	87708556
2015-10-23	0.029575	149.47	150.62	147.86	148.86	25855832
2015-10-22	0.023569	152.99	153.20	150.92	152.59	59974868
2015-10-21	0.017213	155.62	158.10	154.43	154.78	95020820
2015-10-20	-0.004331	154.95	157.21	154.22	155.59	43823832
2015-10-19	0.004980	155.72	156.79	154.45	155.62	79860940
2015-10-16	-0.000427	155.66	156.36	154.20	153.69	31871370
2015-10-15	-0.029015	151.14	153.69	150.56	150.80	95587635
2015-10-14	-0.026526	147.13	147.34	145.92	146.61	32434310
2015-10-13	0.001842	147.40	149.26	147.39	147.39	79863113
2015-10-12	-0.022293	144.12	146.92	143.16	143.81	70677359
2015-10-09	-0.024118	140.64	142.81	139.03	140.67	98300969
2015-10-08	0.012554	142.41	142.98	140.29	141.96	19294544
2015-10-07	0.039323	148.00	148.45	147.85	147.44	4634354
2015-10-06	0.015037	150.23	152.14	149.84	151.45	32184448
2015-10-05	0.030946	154.88	158.44	154.87	154.20	81840352
2015-10-02	0.031172	159.71	160.76	158.51	160.03	45478421
2015-10-01	-0.026801	155.43	156.22	153.36	155.02	2279748
2015-09-30	-0.035140	149.97	151.64	148.31	150.30	22039378
2015-09-29	-0.004147	149.34	152.76	148.88	149.72	9584771
2015-09-28	-0.004601	148.66	150.16	147.77	148.93	48591063
2015-09-25	0.010892	150.28	151.66	148.28	150.32	49292293
2015-09-24	0.009351	151.68	154.42	150.86	151.79	83102824
2015-09-23	0.004123	152.31	154.17	150.09	152.17	12076262
2015-09-22	-0.011995	150.48	151.39	150.46	148.19	79399001
2015-09-21	0.003849	151.06	152.81	150.26	150.15	25761905
2015-09-18	0.004335	151.71	151.81	150.79	152.46	28255276
2015-09-17	0.008218	152.96	155.36	151.29	151.12	13343520
2015-09-16	-0.009147	151.56	151.97	149.83	151.74	32859300
2015-09-15	0.022541	154.98	157.72	154.14	155.86	62473528
2015-09-14	-0.000705	154.87	155.70	154.56	154.59	24603324
2015-09-11	0.024093	158.60	159.01	155.03	159.05	13132812
2015-09-10	0.007878	159.85	159.89	157.12	160.43	41054611
2015-09-09	0.009416	161.35	161.86	159.48	160.67	23763612
2015-09-08	0.021784	164.87	165.24	164.05	164.18	21722707
2015-09-07	-0.000728	164.75	166.55	163.93	165.30	4706729
2015-09-04	-0.001699	164.47	165.30	163.91	165.51	36733050
2015-09-03	0.018390	167.49	168.14	166.13	167.93	49974826
2015-09-02	-0.019890	164.16	165.85	162.73	164.59	59186173
2015-09-01	0.019769	167.41	170.52	164.83	168.61	47169953
2015-08-31	-0.005271	166.52	168.12	163.36	166.04	63503760
2015-08-28	-0.006414	165.46	165.66	160.84	165.93	94364030
2015-08-27	0.004382	166.18	167.29	164.93	165.78	11656078
2015-08-26	-0.034849	160.39	160.64	157.88	161.92	42829557
2015-08-25	0.025344	164.46	164.54	163.08	163.27	58961653
2015-08-24	0.010663	166.21	168.63	162.82	167.89	51138368
2015-08-21	-0.018684	163.10	164.31	162.16	163.55	7137281
2015-08-20	-0.003132	162.59	165.96	162.36	162.34	13427370
2015-08-19	-0.019731	159.38	161.43	159.24	160.97	63353284
2015-08-18	0.006202	160.37	160.54	158.01	159.84	40124590
2015-08-17	0.000014	160.38	160.52	157.92	160.62	28357635
2015-08-14	-0.001416	160.15	162.90	159.52	160.03	80544764
2015-08-13	-0.006011	159.19	159.55	157.70	160.42	19564111
2015-08-12	0.009000	160.62	162.32	159.63	160.65	31625847
2015-08-11	0.010420	162.29	162.55	160.22	161.66	7675428
2015-08-10	-0.015248	159.82	161.01	159.21	160.15	83275816
2015-08-07	0.012572	161.83	162.71	161.08	161.91	48584130
2015-08-06	-0.006104	160.84	162.55	159.75	160.52	32766226
2015-08-05	0.021799	164.35	166.60	163.18	164.08	7791154
2015-08-04	-0.004954	163.53	165.21	160.63	164.61	56722785
2015-08-03	0.038707	169.86	169.95	168.93	169.21	80095652
2015-07-31	0.029095	174.80	176.79	171.59	174.89	91601225
2015-07-30	0.042992	182.32	185.40	181.37	182.16	73655363
2015-07-29	0.017668	185.54	187.89	183.48	185.57	89692965
2015-07-28	0.050035	194.82	196.83	194.52	194.61	78530929
2015-07-27	0.008723	196.52	199.46	195.37	196.65	12982036
2015-07-24	0.014744	199.42	202.35	198.24	200.95	11209556
2015-07-23	0.016715	202.75	205.05	201.85	201.53	3507640
2015-07-22	-0.002688	202.21	204.27	201.49	203.18	55733226
2015-07-21	0.010617	204.35	205.19	201.92	203.86	41778824
2015-07-20	0.040300	212.59	212.84	210.71	212.90	15414887
2015-07-17	0.008226	214.34	214.91	210.78	213.09	76651975
2015-07-16	0.023248	219.32	219.70	219.08	219.92	29420714
2015-07-15	0.000930	219.53	222.72	218.45	218.99	31575941
2015-07-14	0.027649	225.60	229.69	220.06	226.21	28849577
2015-07-13	0.017793	229.61	230.12	226.85	231.07	68684031
2015-07-10	0.011527	232.26	232.73	232.22	234.09	12257129
2015-07-09	0.010587	234.72	238.90	231.54	235.10	99881977
2015-07-08	-0.027359	228.29	229.89	225.83	227.50	15109794
2015-07-07	0.040993	237.65	240.75	235.42	237.15	29182220
2015-07-06	0.012190	240.55	241.26	240.44	239.40	88833315
2015-07-03	0.014170	243.96	246.38	242.98	243.23	47344492
2015-07-02	-0.009915	241.54	243.39	240.16	243.33	22494471
2015-07-01	-0.004935	240.35	243.86	238.90	238.67	75365523
2015-06-30	0.005037	241.56	242.53	241.27	242.26	94805160
2015-06-29	-0.010160	239.10	239.85	236.46	237.69	71295998
2015-06-26	-0.013098	235.97	243.29	232.71	236.48	3665721
2015-06-25	0.006812	237.58	239.26	232.62	236.66	4689138
2015-06-24	0.014624	241.05	243.63	236.70	241.23	23817637
2015-06-23	-0.003608	240.18	245.28	238.63	241.56	47630765
2015-06-22	-0.037671	231.14	235.82	229.56	229.78	22279398
2015-06-19	-0.028125	224.63	227.16	219.48	223.37	36792228
2015-06-18	0.019972	229.12	230.56	226.97	227.27	92334165
2015-06-17	-0.027329	222.86	223.68	220.30	224.07	93756067
2015-06-16	0.021617	227.68	232.16	227.15	227.09	72388003
2015-06-15	-0.022299	222.60	225.06	221.92	222.04	21173048
2015-06-12	0.011708	225.21	227.90	220.78	224.96	44052455
2015-06-11	0.004410	226.20	226.99	222.25	226.58	96194845
2015-06-10	-0.009869	223.97	226.38	221.53	222.26	78296275
2015-06-09	0.022888	229.09	229.62	226.98	228.81	44331609
2015-06-08	0.002937	229.77	234.86	229.13	231.62	87458025
2015-06-05	0.025537	235.63	237.28	233.07	237.03	91094652
2015-06-04	0.010611	238.13	238.38	236.45	239.07	16486810
2015-06-03	0.000678	238.30	240.87	236.96	240.92	90636290
2015-06-02	-0.025103	232.31	236.61	231.27	232.19	56993592
2015-06-01	0.007266	234.00	235.83	232.25	232.90	12610282
2015-05-29	0.023115	239.41	245.43	237.88	239.29	62886120
2015-05-28	-0.007652	237.58	237.85	236.93	237.54	50009158
2015-05-27	0.018472	241.97	242.54	240.44	241.22	21548313
2015-05-26	0.042540	252.26	255.22	252.05	254.21	30085879
2015-05-25	0.005048	253.53	253.67	251.98	252.42	33659743
2015-05-22	-0.002719	252.84	253.56	251.41	253.26	11736423
2015-05-21	0.000499	252.97	253.06	252.64	252.11	49278199
2015-05-20	-0.003368	252.12	254.50	248.94	250.23	25592880
2015-05-19	-0.002784	251.42	253.59	245.54	249.97	38964115
2015-05-18	-0.005734	249.97	250.13	249.21	250.84	68569249
2015-05-15	-0.007848	248.01	248.34	247.02	249.63	81583213
2015-05-14	-0.001867	247.55	248.61	247.47	246.67	9250833
2015-05-13	-0.025395	241.26	243.97	239.41	241.40	99041358
2015-05-12	-0.004545	240.17	240.23	240.16	241.97	15262907
2015-05-11	-0.004525	239.08	239.96	239.01	240.33	98181676
2015-05-08	-0.018272	234.71	234.98	232.17	234.30	46408331
2015-05-07	-0.050292	222.91	224.59	221.13	222.38	75929944
2015-05-06	-0.003982	222.02	222.32	220.51	218.93	88338967
2015-05-05	0.014033	225.14	227.49	222.38	225.46	8886526
2015-05-04	-0.024923	219.52	221.55	218.49	218.92	92403380
2015-05-01	0.004715	220.56	225.42	219.19	218.59	48849274
2015-04-30	0.000285	220.62	221.37	220.51	221.01	55174791
2015-04-29	-0.000711	220.47	223.03	220.07	221.94	24768245
2015-04-28	-0.001820	220.06	221.91	214.69	218.54	1947597
2015-04-27	0.034877	227.74	228.86	227.55	230.58	40662458
2015-04-24	-0.021878	222.76	223.11	222.20	222.28	91230018
2015-04-23	-0.020979	218.08	220.34	217.93	219.88	55964855
2015-04-22	0.007682	219.76	221.03	217.75	219.33	70878860
2015-04-21	0.000351	219.84	222.50	219.39	220.68	84271847
2015-04-20	-0.003595	219.05	219.57	218.23	217.75	41177495
2015-04-17	-0.013503	216.09	216.92	212.31	216.98	21053331
2015-04-16	0.011548	218.58	218.66	217.97	217.72	97900248
2015-04-15	0.026125	224.29	225.35	218.66	224.16	53014430
2015-04-14	-0.000577	224.16	224.71	223.63	222.47	77389108
2015-04-13	-0.018283	220.07	221.61	219.37	220.79	85464530
2015-04-10	0.004554	221.07	225.99	217.28	221.86	26174676
2015-04-09	-0.011642	218.49	221.74	216.53	218.80	42690791
2015-04-08	-0.025806	212.86	213.73	212.73	212.52	71027847
2015-04-07	-0.005626	211.66	213.32	211.41	212.26	58714567
2015-04-06	-0.017827	207.89	208.49	206.36	207.93	92559730
2015-04-03	-0.035885	200.43	201.91	199.37	200.03	14020841
2015-04-02	0.035528	207.55	210.67	206.61	208.15	37690048
2015-04-01	-0.025638	202.23	203.61	198.07	201.35	96027967
2015-03-31	0.005573	203.35	204.14	202.79	203.30	62316203
2015-03-30	-0.005479	202.24	205.15	200.95	201.93	67106436
2015-03-27	0.031549	208.62	211.08	203.38	207.86	5782602
2015-03-26	-0.016612	205.15	205.98	201.27	204.78	71446521
2015-03-25	0.017571	208.76	211.32	205.38	209.02	16775411
2015-03-24	0.003117	209.41	212.16	206.49	211.38	88863473
2015-03-23	-0.026900	203.78	204.23	200.47	202.23	44485091
2015-03-20	0.026576	209.19	209.41	209.07	207.98	76361413
2015-03-19	0.010147	211.31	212.62	206.46	213.15	57528890
2015-03-18	-0.002289	210.83	212.08	206.70	208.95	81837259
2015-03-17	0.006232	212.14	212.19	211.00	211.94	87359430
2015-03-16	-0.011452	209.71	210.69	208.24	211.50	72711409
2015-03-13	0.030801	216.17	216.36	215.12	218.36	15754020
2015-03-12	0.024992	221.58	221.84	221.16	220.48	13970564
2015-03-11	-0.015042	218.24	219.37	217.88	218.41	27698034
2015-03-10	-0.015376	214.89	217.10	211.88	216.23	80393969
2015-03-09	0.008491	216.71	218.39	215.25	214.72	76903347
2015-03-06	-0.011278	214.27	214.57	212.93	214.37	66028156
2015-03-05	-0.008633	212.42	214.54	212.31	210.38	33855666
2015-03-04	0.002365	212.92	213.88	211.07	213.35	56506254
2015-03-03	-0.011116	210.55	211.18	208.78	209.47	78187422
2015-03-02	0.040391	219.06	222.46	218.76	218.22	14208049
2015-02-27	0.009015	221.03	223.03	214.12	222.52	27276528
2015-02-26	-0.001599	220.68	223.32	220.10	220.50	21400159
2015-02-25	-0.001203	220.41	222.87	219.68	221.44	7636863
2015-02-24	0.026512	226.26	227.59	224.37	226.00	57586175
2015-02-23	0.012230	229.02	229.55	226.93	227.91	91155604
2015-02-20	-0.039295	220.03	220.76	217.96	221.81	10364388
2015-02-19	0.006202	221.39	221.60	221.25	221.84	32167736
2015-02-18	0.003323	222.13	224.25	219.23	222.24	82730754
2015-02-17	0.030818	228.97	231.25	228.05	229.10	53739138
2015-02-16	0.017481	232.97	234.89	232.50	232.06	97691308
2015-02-13	-0.014679	229.55	231.22	226.19	230.33	90450906
2015-02-12	-0.010281	227.19	231.72	226.80	226.42	35513315
2015-02-11	0.023856	232.61	235.32	231.44	231.11	72856281
2015-02-10	0.009302	234.78	235.58	231.48	234.50	94072757
2015-02-09	0.005009	235.95	236.92	234.06	233.75	11524563
2015-02-06	0.015726	239.66	239.77	236.96	239.60	14331487
2015-02-05	0.008023	241.59	243.13	235.69	239.70	60796410
2015-02-04	0.016758	245.64	247.94	245.08	244.69	30854524
2015-02-03	0.013592	248.97	249.96	246.59	247.87	13558627
2015-02-02	-0.036907	239.79	239.90	236.35	239.39	42589245
2015-01-30	0.048931	251.52	252.74	249.20	252.27	21704271
2015-01-29	0.013181	254.83	261.76	254.44	255.67	47486636
2015-01-28	-0.039124	244.86	246.37	243.25	245.85	68003332
2015-01-27	0.008041	246.83	249.52	246.26	248.25	38852395
2015-01-26	-0.021176	241.61	241.80	240.34	242.06	38426277
2015-01-23	0.009603	243.93	246.67	241.90	244.44	89912515
2015-01-22	0.005022	245.15	250.26	242.14	243.19	85538566
2015-01-21	0.003254	245.95	246.15	242.54	246.44	77310402
2015-01-20	0.020583	251.01	252.47	249.81	250.50	55692623
2015-01-19	-0.010727	248.32	249.08	246.25	248.25	64884578
2015-01-16	0.037491	257.63	258.00	255.47	256.98	67085180
2015-01-15	-0.025510	251.06	251.06	249.36	250.14	38475879
2015-01-14	0.021300	256.40	258.74	255.21	256.91	99140946
2015-01-13	-0.007976	254.36	254.37	249.03	254.58	71789521
2015-01-12	0.011572	257.30	259.87	252.26	257.86	38081440
2015-01-09	0.021995	262.96	264.10	262.66	264.54	77206721
2015-01-08	0.025931	269.78	270.74	266.46	269.98	68513616
2015-01-07	0.022027	275.72	277.25	273.79	275.14	11934243
2015-01-06	0.048039	288.97	290.91	288.16	289.46	38490809
2015-01-05	-0.012382	285.39	287.36	282.05	284.70	71841067
2015-01-02	0.009623	288.14	288.83	284.60	288.50	95613181
2015-01-01	-0.010718	285.05	285.77	282.07	282.87	58352796
2014-12-31	0.030058	293.61	294.91	291.73	295.66	6068029
2014-12-30	0.018159	298.95	301.88	295.88	297.04	24316828
2014-12-29	0.033819	309.06	315.85	305.94	308.50	38029679
2014-12-26	0.018641	314.82	319.44	309.82	313.27	83505968
2014-12-25	0.028037	323.64	324.13	322.85	326.82	20012311
2014-12-24	0.019414	329.93	331.63	328.03	329.86	17737715
2014-12-23	-0.004873	328.32	331.64	324.18	329.04	54692153
2014-12-22	-0.005052	326.66	330.15	321.17	327.12	25686758
2014-12-19	-0.029049	317.17	322.12	313.02	316.06	54946783
2014-12-18	-0.008663	314.42	315.29	313.29	315.46	26997888
2014-12-17	-0.040814	301.59	305.29	298.34	302.80	48504157
2014-12-16	0.003827	302.75	303.90	301.40	302.12	32896812
2014-12-15	-0.002012	302.14	306.00	301.81	303.65	60385835
2014-12-12	-0.022680	295.28	295.47	291.74	293.79	39686767
2014-12-11	-0.016183	290.51	291.23	289.64	291.76	29506921
2014-12-10	-0.023279	283.74	283.92	281.94	284.99	16201473
2014-12-09	0.017271	288.64	291.17	286.42	288.45	19789614
2014-12-08	-0.037645	277.78	280.77	277.63	276.51	47770583
2014-12-05	0.041102	289.19	289.81	288.80	286.85	23112837
2014-12-04	0.000731	289.41	292.17	287.37	289.05	80746576
2014-12-03	0.020571	295.36	296.51	293.27	293.59	56519763
2014-12-02	0.006419	297.26	301.93	295.84	298.69	79671253
2014-12-01	0.010713	300.44	302.13	296.01	300.43	60263967
2014-11-28	0.023733	307.57	307.68	307.32	306.24	67566865
2014-11-27	0.038110	319.29	323.78	317.56	322.35	23798963
2014-11-26	-0.025426	311.17	314.01	309.07	312.98	49302365
2014-11-25	0.021481	317.86	319.83	316.35	317.66	47536932
2014-11-24	-0.005784	316.02	317.28	315.19	318.91	35188290
2014-11-21	0.008312	318.65	322.40	318.39	319.20	98766034
2014-11-20	0.009267	321.60	324.39	317.31	321.69	29555566
2014-11-19	0.013925	326.08	329.72	320.59	325.26	4903213
2014-11-18	0.003548	327.23	327.82	326.87	326.29	17725741
2014-11-17	0.025189	335.48	339.22	335.19	334.45	7329361
2014-11-14	0.007241	337.91	339.54	336.05	335.79	47242166
2014-11-13	-0.019302	331.38	332.70	326.81	331.29	32373151
2014-11-12	0.020231	338.09	346.47	335.82	338.01	81894303
2014-11-11	-0.008320	335.28	340.40	332.58	336.11	34205263
2014-11-10	-0.029248	325.47	326.89	318.37	325.51	6984756
2014-11-07	0.005300	327.19	328.27	323.15	324.94	56963740
2014-11-06	0.009069	330.16	332.40	328.89	330.33	88092353
2014-11-05	0.010413	333.60	334.61	332.81	335.30	27618514
2014-11-04	-0.017358	327.81	329.60	326.96	327.33	52464324
2014-11-03	-0.019823	321.31	325.07	319.96	319.45	98301668
2014-10-31	-0.039289	308.69	309.72	306.94	309.16	79458953
2014-10-30	-0.014299	304.27	310.22	303.46	303.29	7708875
2014-10-29	0.014463	308.67	313.98	306.00	311.05	48639700
2014-10-28	-0.029665	299.52	300.51	293.49	298.36	24995085
2014-10-27	0.023999	306.70	307.41	303.53	305.72	8410620
2014-10-24	-0.021825	300.01	304.96	296.34	300.16	39292689
2014-10-23	-0.017960	294.62	298.01	290.31	293.51	39934368
2014-10-22	0.004960	296.08	299.33	294.60	296.83	47285723
2014-10-21	0.000137	296.12	299.16	292.41	292.58	21297177
2014-10-20	0.001247	296.49	297.25	295.33	296.94	89004283
2014-10-17	-0.013237	292.57	294.22	292.11	292.80	26449667
2014-10-16	-0.010834	289.40	290.92	288.03	290.68	23814219
2014-10-15	0.004347	290.66	292.32	287.56	292.44	19827408
2014-10-14	0.013146	294.48	295.98	292.04	292.83	86236873
2014-10-13	0.008618	297.02	299.68	296.87	298.12	98680718
2014-10-10	0.020037	302.97	303.14	302.77	304.93	86219042
2014-10-09	-0.025571	295.22	300.01	286.87	296.78	87493366
2014-10-08	0.011119	298.50	299.64	294.38	298.12	39663563
2014-10-07	0.004285	299.78	306.91	297.08	294.69	77163317
2014-10-06	0.009725	302.70	303.41	296.08	303.10	82125241
2014-10-03	-0.028577	294.05	301.07	292.57	293.95	8947756
2014-10-02	0.000602	294.22	300.50	293.41	293.75	83516283
2014-10-01	0.029725	302.97	305.49	301.89	305.73	97529194
2014-09-30	-0.009434	300.11	301.87	299.87	302.37	4409446
2014-09-29	-0.026024	292.30	292.92	288.60	291.21	41669551
2014-09-26	0.009680	295.13	296.63	290.70	295.10	55605394
2014-09-25	-0.015642	290.51	294.01	287.88	292.14	93036961
2014-09-24	-0.014074	286.43	290.77	282.45	284.04	53290531
2014-09-23	-0.001213	286.08	286.64	285.62	287.09	93543501
2014-09-22	-0.006080	284.34	287.11	280.22	285.34	30278506
2014-09-19	-0.001887	283.80	286.81	282.08	285.29	88815080
2014-09-18	-0.032851	274.48	275.84	272.57	275.11	39685108
2014-09-17	-0.021643	268.54	270.42	265.80	269.09	47697766
2014-09-16	0.018802	273.59	278.47	268.96	272.93	78122868
2014-09-15	-0.018265	268.59	277.63	264.60	267.66	72751320
2014-09-12	-0.014577	264.68	269.59	263.78	267.26	86548249
2014-09-11	-0.012476	261.37	261.93	260.34	263.03	6348684
2014-09-10	-0.000004	261.37	262.29	258.00	260.68	4626243
2014-09-09	-0.008931	259.04	259.60	258.57	259.72	66011687
2014-09-08	-0.031607	250.85	251.57	247.41	252.07	47807940
2014-09-05	-0.014327	247.26	249.09	246.97	250.73	3022423
2014-09-04	0.037240	256.46	258.98	251.78	259.31	90148503
2014-09-03	-0.019279	251.52	260.06	250.19	252.63	50979582
2014-09-02	-0.044279	240.38	242.51	240.17	240.40	67694460
2014-09-01	-0.014378	236.93	241.38	235.39	235.45	68404667
2014-08-29	-0.013768	233.66	234.45	231.20	235.53	83692639
2014-08-28	-0.034409	225.62	226.57	224.48	225.15	74665183
2014-08-27	-0.001416	225.31	226.17	220.89	224.32	67081703
2014-08-26	0.012941	228.22	230.94	226.72	230.19	44057114
2014-08-25	0.015369	231.73	234.31	228.99	232.58	6351595
2014-08-22	0.022859	237.03	239.55	233.43	238.24	27117095
2014-08-21	-0.006888	235.39	239.30	233.10	237.02	15878798
2014-08-20	-0.022728	230.04	231.98	229.61	229.43	74944476
2014-08-19	0.017387	234.04	238.04	233.21	234.03	78189366
2014-08-18	0.002128	234.54	239.75	234.50	233.28	14003662
2014-08-15	-0.040972	224.93	226.74	221.57	223.15	90116713
2014-08-14	0.015222	228.36	230.87	227.95	227.95	52389144
2014-08-13	0.043799	238.36	240.27	237.62	238.70	47650756
2014-08-12	0.018685	242.81	242.96	238.47	242.13	50676775
2014-08-11	0.016613	246.84	247.48	243.80	245.58	25876387
2014-08-08	-0.017525	242.52	245.47	241.41	243.18	63823145
2014-08-07	0.012288	245.50	247.61	243.11	246.44	22774179
2014-08-06	0.034744	254.03	255.78	249.43	253.91	17138877
2014-08-05	-0.030450	246.29	248.73	244.58	246.94	26416994
2014-08-04	-0.022565	240.74	241.17	240.54	241.91	47995419
2014-08-01	-0.017684	236.48	237.00	233.32	237.13	95254754
2014-07-31	-0.065943	220.88	222.22	219.81	220.22	23938842
2014-07-30	0.013174	223.79	223.92	221.87	223.49	54314379
2014-07-29	-0.063838	209.51	213.65	206.21	208.55	28843214
2014-07-28	-0.011673	207.06	208.72	203.98	208.35	33661391
2014-07-25	0.027592	212.77	213.97	212.27	215.08	64655057
2014-07-24	0.007839	214.44	214.91	214.25	213.65	79062896
2014-07-23	0.003100	215.11	215.25	211.68	215.92	82065164
2014-07-22	-0.001763	214.73	215.88	212.23	215.08	54615521
2014-07-21	0.027948	220.73	223.51	220.14	221.46	93642509
2014-07-18	0.004368	221.69	222.13	221.66	222.27	88350787
2014-07-17	0.002345	222.21	222.33	220.49	220.40	97896523
2014-07-16	-0.009515	220.10	225.47	216.10	221.00	97548775
2014-07-15	-0.010502	217.79	221.54	215.34	217.98	52207450
2014-07-14	-0.029556	211.35	212.25	210.74	210.19	11609702
2014-07-11	-0.009506	209.34	211.80	207.76	207.85	43216219
2014-07-10	-0.016072	205.98	208.27	203.52	206.50	88377733
2014-07-09	-0.016244	202.63	205.66	201.01	203.54	8350816
2014-07-08	-0.015766	199.44	202.15	197.38	199.11	56035511
2014-07-07	0.008192	201.07	203.16	200.16	201.21	39063111
2014-07-04	0.006281	202.33	204.74	200.34	202.54	54171780
2014-07-03	0.010400	204.44	205.32	203.20	202.84	91850093
2014-07-02	0.040338	212.68	214.77	212.66	214.32	89732289
2014-07-01	-0.023327	207.72	208.18	204.96	208.08	59790371
2014-06-30	0.019711	211.82	213.41	210.09	214.37	49497129
2014-06-27	-0.057133	199.72	200.41	198.63	200.30	7703173
2014-06-26	0.004498	200.61	201.30	199.95	199.57	55676739
2014-06-25	0.018407	204.31	204.51	203.31	205.11	30068742
2014-06-24	-0.027451	198.70	200.97	195.67	198.24	88840474
2014-06-23	-0.015866	195.55	198.40	193.45	197.33	25033657
2014-06-20	-0.033319	189.03	189.30	188.64	186.93	22431755
2014-06-19	0.039032	196.41	198.12	195.66	195.67	13971537
2014-06-18	0.010360	198.44	200.06	198.16	198.01	35387962
2014-06-17	-0.036816	191.14	192.79	189.79	191.22	60581922
2014-06-16	-0.001113	190.92	192.15	189.63	192.58	36997400
2014-06-13	0.010840	192.99	194.20	192.71	191.20	40267807
2014-06-12	-0.019404	189.25	190.47	189.18	188.14	17574247
2014-06-11	-0.023180	184.86	188.40	184.32	186.49	95852143
2014-06-10	-0.010077	183.00	183.10	180.38	182.32	26888120
2014-06-09	0.017554	186.21	186.78	185.93	185.47	50151242
2014-06-06	-0.005470	185.19	186.26	183.95	184.83	4652417
2014-06-05	0.027541	190.29	190.98	189.97	189.04	57805428
2014-06-04	-0.005633	189.22	189.29	188.58	188.45	46478718
2014-06-03	0.024318	193.82	197.59	193.72	194.40	42868996
2014-06-02	-0.006835	192.50	195.16	188.65	192.17	81390377
2014-05-30	0.021531	196.64	197.79	194.87	197.59	27159324
2014-05-29	-0.016200	193.46	193.78	192.87	193.74	5396956
2014-05-28	0.012896	195.95	197.47	193.05	195.65	25948625
2014-05-27	0.010275	197.97	199.53	194.52	197.97	59229811
2014-05-26	0.004438	198.84	199.40	196.35	200.55	14164422
2014-05-23	0.036072	206.02	208.22	205.09	207.90	53221398
2014-05-22	-0.039497	197.88	197.91	197.33	199.34	67104776
2014-05-21	-0.008009	196.29	196.32	195.64	196.21	50260082
2014-05-20	-0.018683	192.63	193.15	187.31	191.92	87053379
2014-05-19	0.008476	194.26	196.16	192.38	194.39	37302523
2014-05-16	0.022277	198.59	199.81	197.60	200.18	5788822
2014-05-15	0.014794	201.53	203.99	201.10	201.39	34118777
2014-05-14	0.008474	203.23	204.30	202.87	204.12	89180294
2014-05-13	-0.036249	195.87	196.29	194.71	194.47	40422296
2014-05-12	0.013423	198.50	202.35	197.38	197.60	72734056
2014-05-09	0.023298	203.12	206.22	202.47	204.12	75680275
2014-05-08	-0.017013	199.66	201.19	195.17	199.44	70030030
2014-05-07	-0.021243	195.42	196.41	194.41	194.89	63463928
2014-05-06	-0.006886	194.08	197.90	192.55	193.52	30588078
2014-05-05	0.051687	204.11	206.32	202.41	202.80	15679077
2014-05-02	-0.002023	203.70	208.72	199.75	202.37	81620523
2014-05-01	-0.002040	203.28	204.39	200.40	202.65	25793692
2014-04-30	0.001049	203.49	206.26	200.85	203.48	34587746
2014-04-29	0.001300	203.76	208.90	203.73	202.41	97658701
2014-04-28	-0.032428	197.15	198.50	193.76	197.33	54427760
2014-04-25	0.011580	199.43	202.73	198.54	199.73	88381560
2014-04-24	-0.010900	197.26	200.48	196.51	198.31	13042965
2014-04-23	0.027833	202.75	203.72	202.55	202.19	5479525
2014-04-22	-0.019933	198.71	199.61	198.04	199.86	23602160
2014-04-21	-0.024560	193.83	194.88	193.49	194.30	88687521
2014-04-18	-0.014681	190.98	192.80	189.80	191.46	65800351
2014-04-17	0.019611	194.73	197.98	190.34	194.73	53791938
2014-04-16	0.012738	197.21	197.67	196.29	198.15	89878635
2014-04-15	-0.038780	189.56	189.76	186.99	189.07	50449511
2014-04-14	-0.018586	186.04	187.79	184.66	186.52	41526468
2014-04-11	0.017972	189.38	190.52	187.00	189.90	72206357
2014-04-10	-0.016338	186.29	186.49	185.17	185.64	31704373
2014-04-09	-0.003697	185.60	188.91	182.64	186.94	42923939
2014-04-08	0.002411	186.05	187.18	183.88	185.19	74681180
2014-04-07	0.006480	187.25	188.24	185.97	188.94	17511665
2014-04-04	0.026959	192.30	194.22	190.88	191.81	59186199
2014-04-03	-0.015982	189.23	191.87	185.36	189.35	77897078
2014-04-02	0.038459	196.50	199.32	196.37	195.85	10119449
2014-04-01	0.017376	199.92	200.67	197.52	199.26	52044049
2014-03-31	0.007494	201.42	202.51	200.01	201.45	63967123
2014-03-28	0.032859	208.03	210.40	207.08	210.04	81904989
2014-03-27	-0.002908	207.43	209.85	206.12	206.20	5797731
2014-03-26	0.004642	208.39	209.12	204.89	208.53	44284511
2014-03-25	-0.011915	205.91	206.56	203.61	205.26	29025394
2014-03-24	-0.015164	202.79	205.36	202.22	203.21	93711286
2014-03-21	0.040099	210.92	213.02	208.35	210.15	20116208
2014-03-20	-0.013798	208.01	209.33	207.23	206.02	13410897
2014-03-19	-0.014368	205.02	206.48	203.26	204.62	55545938
2014-03-18	-0.001936	204.62	204.70	204.04	204.10	33098271
2014-03-17	-0.010680	202.44	204.47	201.84	203.92	6087062
2014-03-14	0.028798	208.27	211.99	206.65	208.09	33550670
2014-03-13	-0.034958	200.99	202.49	199.80	201.52	36347595
2014-03-12	0.011053	203.21	207.22	202.53	202.39	73197005
2014-03-11	-0.023284	198.48	199.55	196.23	198.82	48248737
2014-03-10	0.027614	203.96	204.22	201.68	203.62	15482655
2014-03-07	-0.016214	200.65	201.50	200.60	199.94	85106083
2014-03-06	0.014734	203.61	205.03	201.63	203.32	9433378
2014-03-05	-0.008812	201.81	202.17	199.98	203.04	28507252
2014-03-04	-0.010252	199.74	205.08	197.67	198.94	21064697
2014-03-03	0.013627	202.47	203.03	198.32	204.22	81844090
2014-02-28	-0.009829	200.48	203.16	200.32	200.95	71301047
2014-02-27	0.005081	201.49	202.86	200.97	202.20	57526174
2014-02-26	0.007236	202.95	203.51	200.65	201.63	69239204
2014-02-25	-0.017952	199.31	199.80	198.10	199.49	80283426
2014-02-24	-0.021079	195.11	195.27	194.04	194.22	91573254
2014-02-21	-0.014477	192.28	193.81	190.52	192.47	31683443
2014-02-20	-0.007028	190.93	192.10	189.77	190.04	86279557
2014-02-19	-0.001881	190.57	190.89	189.65	188.81	63284724
2014-02-18	-0.025708	185.67	186.54	185.22	185.86	67059814
2014-02-17	-0.011725	183.50	184.91	182.62	183.30	6408671
2014-02-14	0.000982	183.68	185.49	182.50	184.03	38787454
2014-02-13	0.023404	187.97	189.24	185.36	186.66	66358825
2014-02-12	0.047515	196.91	197.47	196.85	196.83	80803738
2014-02-11	-0.015085	193.94	196.26	191.59	194.99	97339423
2014-02-10	-0.033999	187.34	188.07	187.02	186.50	40357766
2014-02-07	-0.000354	187.28	187.35	183.90	187.52	57082578
2014-02-06	0.001961	187.64	188.52	186.56	187.36	24966577
2014-02-05	0.005573	188.69	189.56	185.86	189.47	42686930
2014-02-04	-0.006788	187.41	188.73	186.14	188.14	58266444
2014-02-03	0.000728	187.54	188.99	185.15	187.96	5913839
2014-01-31	0.018591	191.03	193.59	190.99	190.54	54962369
2014-01-30	-0.025430	186.17	189.12	183.64	186.28	1141210
2014-01-29	0.008598	187.77	189.47	186.00	185.99	94431445
2014-01-28	-0.045995	179.14	181.04	178.03	180.24	18572815
2014-01-27	-0.028046	174.11	175.49	173.43	174.58	12979242
2014-01-24	-0.011713	172.07	172.45	170.71	171.85	23954576
2014-01-23	-0.004722	171.26	173.03	170.60	171.30	9310613
2014-01-22	0.015912	173.99	177.19	173.94	173.72	18279026
2014-01-21	-0.045314	166.10	167.19	165.19	164.00	11374269
2014-01-20	-0.000216	166.07	166.26	164.70	165.94	48144891
2014-01-17	-0.004160	165.38	166.33	163.73	165.83	2954965
2014-01-16	0.049374	173.54	174.49	172.52	174.01	66156936
2014-01-15	0.004395	174.30	177.63	171.27	173.82	97084066
2014-01-14	-0.023201	170.26	172.45	168.50	170.01	62941755
2014-01-13	-0.040104	163.43	163.60	162.85	162.31	60954488
2014-01-10	-0.032011	158.20	159.41	157.50	159.33	71307898
2014-01-09	-0.018536	155.27	157.29	153.86	156.20	30423019
2014-01-08	-0.027934	150.93	152.81	150.51	151.23	65378769
2014-01-07	-0.006145	150.00	150.10	149.88	151.88	52628871
2014-01-06	0.017286	152.60	154.22	152.12	154.00	15795132
2014-01-03	-0.012021	150.76	152.43	149.60	151.48	38592048
2014-01-02	-0.012841	148.83	149.90	148.42	148.84	76187572
