2016-01-01	-0.007129	253.40	253.64	253.26	253.26	51026002
2015-12-31	0.006377	255.02	258.68	253.56	253.88	20404302
2015-12-30	-0.017090	250.66	253.47	248.68	249.42	47363399
2015-12-29	-0.013383	247.30	248.76	247.22	246.75	81852603
2015-12-28	-0.002757	246.62	247.70	242.57	246.70	6000608
2015-12-25	-0.027896	239.74	240.23	239.19	237.53	74248057
2015-12-24	-0.010360	237.26	237.72	236.52	237.22	12472577
2015-12-23	-0.006225	235.78	236.78	234.71	238.52	89766649
2015-12-22	0.002277	236.32	237.74	234.56	236.87	7563313
2015-12-21	-0.002851	235.64	236.41	235.18	235.86	61616965
2015-12-18	0.030394	242.81	243.67	242.75	242.10	83487165
2015-12-17	0.028025	249.61	253.12	246.70	249.29	31036016
2015-12-16	0.013698	253.03	256.70	252.45	252.48	89574665
2015-12-15	-0.031248	245.12	247.06	244.78	243.81	20419078
2015-12-14	-0.005452	243.79	244.59	242.20	242.02	42605785
2015-12-11	-0.021648	238.51	240.10	236.78	241.59	98314744
2015-12-10	-0.003596	237.65	239.00	236.93	235.79	44469633
2015-12-09	-0.040789	227.96	232.59	227.65	229.15	73902022
2015-12-08	0.020130	232.55	237.76	230.78	232.26	21212635
2015-12-07	-0.028046	226.03	228.23	224.02	225.74	48128176
2015-12-04	-0.002989	225.35	226.40	218.15	223.52	4514572
2015-12-03	-0.007288	223.71	228.51	223.35	225.29	65530593
2015-12-02	0.020887	228.38	230.14	227.34	227.46	22878660
2015-12-01	-0.000927	228.17	229.30	227.60	229.12	59122175
2015-11-30	0.041407	237.62	238.30	234.23	236.20	13409775
2015-11-27	0.016367	241.51	243.76	241.03	241.32	14891072
2015-11-26	-0.002118	240.99	241.66	236.86	243.98	29638645
2015-11-25	0.039242	250.45	251.70	247.34	248.84	92086602
2015-11-24	-0.030569	242.79	243.16	242.17	244.53	28313979
2015-11-23	0.005056	244.02	245.38	243.02	242.96	81960028
2015-11-20	0.004763	245.18	248.85	242.09	244.89	7980179
2015-11-19	-0.031525	237.46	242.24	234.27	237.23	92139491
2015-11-18	-0.002972	236.75	239.80	234.68	236.81	93500436
2015-11-17	-0.000685	236.59	240.78	230.76	235.73	59499772
2015-11-16	-0.002634	235.96	236.16	232.98	234.35	68138825
2015-11-13	0.000877	236.17	238.22	234.18	236.57	23482604
2015-11-12	-0.013797	232.91	236.39	230.41	233.64	35418403
2015-11-11	-0.012738	229.95	231.39	229.67	229.67	68376202
2015-11-10	0.011715	232.64	235.00	231.68	233.33	76306227
2015-11-09	-0.007471	230.90	231.44	225.66	231.23	50340617
2015-11-06	-0.019853	226.32	228.17	224.37	227.82	82891972
2015-11-05	-0.035974	218.18	222.04	213.62	218.40	51151496
2015-11-04	0.002964	218.82	219.88	218.73	219.08	54866986
2015-11-03	-0.002071	218.37	220.74	216.67	217.55	33946387
2015-11-02	0.002614	218.94	221.01	215.76	218.66	98246844
2015-10-30	-0.004337	217.99	219.23	214.53	218.23	48843057
2015-10-29	0.007600	219.65	220.12	217.42	217.40	75506495
2015-10-28	-0.007691	217.96	219.19	217.94	220.49	41946396
2015-10-27	0.035104	225.61	225.66	224.74	224.63	35170804
2015-10-26	0.038420	234.28	238.58	234.11	232.51	76371596
2015-10-23	0.027295	240.67	240.93	240.58	239.00	74850477
2015-10-22	-0.004101	239.68	242.41	239.47	238.41	47358608
2015-10-21	-0.006458	238.14	243.80	237.82	236.84	7836671
2015-10-20	0.000661	238.29	239.87	235.07	238.73	26980312
2015-10-19	0.001045	238.54	240.39	237.74	240.33	2494333
2015-10-16	-0.003364	237.74	239.83	234.21	238.08	70520912
2015-10-15	-0.022656	232.35	234.61	231.07	230.21	28794414
2015-10-14	0.004943	233.50	238.57	232.89	233.54	89994792
2015-10-13	-0.008393	231.54	231.71	231.44	230.65	30665643
2015-10-12	0.007076	233.18	235.59	229.73	234.18	33779257
2015-10-09	0.007545	234.94	235.66	234.03	234.85	13200702
2015-10-08	0.009187	237.10	238.38	236.42	237.00	23601224
2015-10-07	-0.019486	232.48	233.49	231.91	234.02	21421870
2015-10-06	-0.013034	229.45	233.49	228.38	229.30	42854159
2015-10-05	-0.013335	226.39	226.89	225.51	224.53	22963742
2015-10-02	0.008906	228.41	229.66	225.40	229.55	64227014
2015-10-01	-0.018287	224.23	226.56	223.91	226.63	78087914
2015-09-30	-0.009437	222.11	225.49	216.73	222.13	54945801
2015-09-29	-0.024254	216.73	220.31	216.05	219.01	38405624
2015-09-28	0.023050	221.72	223.82	220.63	221.40	53067030
2015-09-25	-0.037698	213.36	214.37	212.99	214.32	56680389
2015-09-24	-0.005018	212.29	214.39	211.37	211.57	50136072
2015-09-23	-0.019589	208.13	214.11	207.56	210.25	19323865
2015-09-22	0.000192	208.17	210.46	206.12	208.31	26032733
2015-09-21	0.031365	214.70	214.87	211.22	214.04	25918969
2015-09-18	-0.020263	210.35	215.66	207.52	209.74	90928166
2015-09-17	-0.028474	204.36	207.73	203.18	204.52	34080459
2015-09-16	-0.010950	202.12	206.18	201.76	201.96	3693191
2015-09-15	-0.014950	199.10	199.82	197.23	199.25	49906322
2015-09-14	-0.011249	196.86	199.98	196.36	197.25	35205399
2015-09-11	0.006891	198.22	200.53	197.49	197.80	72915598
2015-09-10	-0.031133	192.05	192.59	190.94	191.39	14372106
2015-09-09	-0.002645	191.54	195.02	190.17	191.44	80568528
2015-09-08	0.007822	193.04	197.92	190.62	191.10	95661419
2015-09-07	-0.001325	192.78	196.10	192.65	193.69	93752910
2015-09-04	-0.003354	192.14	192.23	190.27	191.48	45351770
2015-09-03	-0.006086	190.97	192.07	187.63	191.23	44219758
2015-09-02	-0.050984	181.23	182.38	180.76	180.65	29540917
2015-09-01	0.014130	183.79	185.56	183.77	183.38	45050609
2015-08-31	0.024769	188.34	189.22	187.14	188.16	23794569
2015-08-28	-0.008216	186.80	188.01	184.11	185.91	86210467
2015-08-27	0.005291	187.79	187.93	187.56	187.79	13207565
2015-08-26	-0.025275	183.04	183.65	182.82	183.29	19370893
2015-08-25	-0.008703	181.45	181.56	181.27	182.05	26956736
2015-08-24	0.004442	182.25	184.85	181.41	183.77	55160330
2015-08-21	0.008132	183.73	183.90	182.51	184.15	44364366
2015-08-20	0.012497	186.03	187.46	184.23	184.34	34038416
2015-08-19	0.009310	187.76	190.08	186.35	188.15	62225949
2015-08-18	-0.010565	185.78	187.53	184.63	185.01	91801758
2015-08-17	0.026514	190.70	190.91	190.26	190.50	5141363
2015-08-14	-0.006292	189.50	189.57	187.51	188.93	75625922
2015-08-13	0.006497	190.73	191.41	189.41	190.64	54021942
2015-08-12	0.030801	196.61	198.03	196.53	196.78	66395763
2015-08-11	-0.002803	196.06	197.99	194.34	195.91	76839534
2015-08-10	0.003801	196.80	198.11	195.56	198.08	79637217
2015-08-07	0.021189	200.97	201.62	200.57	200.48	87246452
2015-08-06	0.029114	206.83	208.83	204.61	207.35	6723306
2015-08-05	-0.006746	205.43	207.19	205.43	205.99	74742713
2015-08-04	0.035115	212.64	214.00	211.25	212.16	55857692
2015-08-03	-0.014206	209.62	210.61	206.97	209.29	68675437
2015-07-31	-0.002857	209.02	210.95	207.29	208.98	94327023
2015-07-30	0.010862	211.29	214.06	208.07	211.09	31828856
2015-07-29	0.013973	214.25	215.38	210.41	213.65	65242265
2015-07-28	0.001208	214.51	215.81	214.31	214.92	95252008
2015-07-27	-0.009860	212.39	216.32	212.08	211.77	58895431
2015-07-24	0.042900	221.50	221.80	220.36	220.63	70414968
2015-07-23	-0.015142	218.15	218.82	217.25	217.68	15862574
2015-07-22	0.009891	220.31	221.79	218.30	220.49	88754057
2015-07-21	-0.022933	215.25	216.41	212.19	216.44	68518058
2015-07-20	0.015867	218.67	220.84	217.97	218.44	52924289
2015-07-17	0.009842	220.82	224.13	218.46	220.83	93460917
2015-07-16	0.016424	224.45	224.70	224.32	223.90	32266907
2015-07-15	0.007121	226.05	228.14	222.73	225.96	26851265
2015-07-14	0.007256	227.69	228.11	227.48	228.14	38509611
2015-07-13	-0.010653	225.26	226.46	223.52	225.71	64799073
2015-07-10	-0.011478	222.67	225.60	222.39	223.31	70597737
2015-07-09	-0.038634	214.07	214.07	213.32	213.11	94452921
2015-07-08	-0.009834	211.97	212.46	209.44	212.79	11952371
2015-07-07	-0.015002	208.79	212.18	206.05	208.85	61122622
2015-07-06	-0.001765	208.42	208.81	208.07	209.22	41503136
2015-07-03	-0.011007	206.12	211.03	204.36	206.03	58000958
2015-07-02	-0.008379	204.40	207.45	204.29	204.49	74101521
2015-07-01	-0.006624	203.04	203.63	201.00	203.83	3573338
2015-06-30	-0.037054	195.52	196.72	195.29	194.95	77461009
2015-06-29	-0.017697	192.06	192.86	188.83	191.99	13895340
2015-06-26	0.030796	197.97	200.22	196.69	199.57	5836936
2015-06-25	0.010579	200.07	201.17	197.25	200.40	37248022
2015-06-24	0.013776	202.82	205.55	201.82	202.86	84708368
2015-06-23	-0.038180	195.08	196.80	193.94	196.46	77257784
2015-06-22	-0.010264	193.08	193.87	190.92	193.30	40168759
2015-06-19	0.011329	195.27	195.43	192.51	194.50	22410609
2015-06-18	-0.005064	194.28	194.66	193.34	193.10	61980681
2015-06-17	0.020253	198.21	200.63	197.38	199.78	7733530
2015-06-16	0.039429	206.03	207.61	203.23	205.38	52852375
2015-06-15	-0.013208	203.31	205.16	202.34	202.33	81239249
2015-06-12	-0.013345	200.59	200.66	200.28	199.00	88172650
2015-06-11	-0.014522	197.68	198.36	193.93	196.00	72174441
2015-06-10	0.015446	200.73	203.71	198.68	200.94	31022564
2015-06-09	0.007175	202.17	203.29	200.15	202.67	64210507
2015-06-08	-0.026374	196.84	198.85	195.98	196.18	43438160
2015-06-05	0.020587	200.89	201.21	199.36	201.47	82967857
2015-06-04	-0.013465	198.19	199.27	195.77	199.16	85766144
2015-06-03	0.012045	200.58	200.89	200.16	202.15	53740288
2015-06-02	-0.000638	200.45	204.56	200.42	200.64	15670410
2015-06-01	0.014435	203.34	204.14	201.43	203.40	98395688
2015-05-29	0.027260	208.88	211.45	204.59	208.57	44184216
2015-05-28	-0.006775	207.47	207.80	206.79	206.02	29070940
2015-05-27	-0.026824	201.90	205.20	201.78	201.27	68656876
2015-05-26	-0.024429	196.97	198.59	195.32	196.76	11954020
2015-05-25	-0.000483	196.88	200.08	196.30	196.48	63507309
2015-05-22	0.012045	199.25	200.50	198.01	197.99	22633245
2015-05-21	-0.038420	191.59	194.09	190.52	191.82	82462045
2015-05-20	0.003872	192.33	194.98	190.62	192.38	9979675
2015-05-19	0.033504	198.78	199.00	195.01	198.25	45706327
2015-05-18	0.039807	206.69	208.11	204.46	206.31	58967798
2015-05-15	0.012586	209.29	212.00	205.54	210.09	61464552
2015-05-14	-0.001251	209.03	211.28	208.38	207.92	41270060
2015-05-13	0.010526	211.23	213.13	208.20	211.83	15609292
2015-05-12	-0.002966	210.60	211.27	204.95	209.54	87125681
2015-05-11	-0.035037	203.23	206.97	202.59	203.46	75834964
2015-05-08	0.034009	210.14	210.79	209.73	210.69	50506361
2015-05-07	0.030573	216.56	217.96	214.66	217.34	92365940
2015-05-06	0.021185	221.15	222.60	220.98	221.19	69206421
2015-05-05	-0.028732	214.80	219.81	213.75	215.21	9661022
2015-05-04	0.000639	214.93	215.08	214.46	213.76	9921045
2015-05-01	0.054946	226.74	228.24	224.32	226.63	48752824
2015-04-30	-0.006851	225.19	228.14	222.31	224.57	25229753
2015-04-29	0.029872	231.92	233.38	229.67	231.49	81483046
2015-04-28	0.015034	235.40	238.88	235.33	236.38	63925162
2015-04-27	-0.011365	232.73	233.14	232.25	231.94	1142003
2015-04-24	-0.000932	232.51	237.29	229.07	231.58	92501835
2015-04-23	-0.003758	231.64	232.50	228.88	232.04	42088754
2015-04-22	0.002275	232.16	234.58	231.17	231.44	66029919
2015-04-21	0.010246	234.54	236.97	231.51	234.33	58798085
2015-04-20	-0.011565	231.83	235.66	228.69	231.15	88440882
2015-04-17	-0.006159	230.40	236.82	229.81	230.55	1740622
2015-04-16	-0.004833	229.29	229.47	227.62	229.44	85556960
2015-04-15	0.002047	229.76	230.43	226.98	230.45	16515943
2015-04-14	0.010321	232.13	232.46	229.84	233.05	61079994
2015-04-13	-0.001941	231.68	233.55	229.95	230.26	23619698
2015-04-10	-0.003356	230.90	231.06	229.71	231.90	9480202
2015-04-09	-0.008185	229.01	234.38	228.81	227.47	74456781
2015-04-08	0.025067	234.75	236.22	233.54	233.45	96600690
2015-04-07	-0.035266	226.47	227.46	223.90	227.08	96509773
2015-04-06	0.016667	230.25	232.67	229.38	231.05	93592824
2015-04-03	-0.031525	222.99	227.53	220.64	223.04	71774213
2015-04-02	-0.037878	214.54	218.30	214.04	216.04	12884913
2015-04-01	-0.023270	209.55	210.49	208.92	210.62	33039902
2015-03-31	-0.015482	206.31	208.50	204.32	206.83	68635564
2015-03-30	0.019841	210.40	210.49	209.31	210.55	12873066
2015-03-27	-0.010214	208.25	209.22	206.78	209.13	1510193
2015-03-26	0.018717	212.15	212.57	210.55	211.11	50588583
2015-03-25	0.001413	212.45	212.63	210.75	212.92	91919981
2015-03-24	-0.027676	206.57	206.76	203.59	206.25	51573487
2015-03-23	0.015828	209.84	211.32	208.11	211.46	54229796
2015-03-20	0.004661	210.82	211.07	207.62	211.98	92883747
2015-03-19	0.006680	212.22	212.74	211.05	212.49	34636335
2015-03-18	0.019906	216.45	218.73	214.85	216.75	58487153
2015-03-17	0.004019	217.32	220.49	214.01	216.60	10855913
2015-03-16	-0.001782	216.93	218.80	216.87	217.60	14531738
2015-03-13	-0.013153	214.08	215.74	212.14	214.60	87851167
2015-03-12	0.014151	217.11	218.16	216.82	216.41	39992595
2015-03-11	0.033306	224.34	226.73	221.30	222.39	50636972
2015-03-10	0.000573	224.47	225.05	223.97	224.20	22824379
2015-03-09	0.003072	225.16	226.58	221.25	224.72	20458971
2015-03-06	-0.007940	223.37	223.44	220.14	222.90	79970313
2015-03-05	-0.024094	217.99	221.11	216.71	219.36	36469876
2015-03-04	-0.003051	217.32	218.13	216.54	216.80	28105058
2015-03-03	0.015646	220.72	221.20	218.11	220.39	6818499
2015-03-02	-0.021613	215.95	220.17	213.99	215.26	70257445
2015-02-27	0.043598	225.37	225.98	224.24	226.05	48516415
2015-02-26	0.007928	227.15	229.38	223.58	227.08	99324400
2015-02-25	-0.034065	219.42	221.38	217.99	218.46	97294457
2015-02-24	0.026850	225.31	225.57	224.36	226.29	93763311
2015-02-23	-0.024748	219.73	223.26	217.78	219.09	84309304
2015-02-20	-0.030625	213.00	213.23	211.04	212.29	43916024
2015-02-19	0.009603	215.05	217.43	213.01	214.30	12186602
2015-02-18	0.006570	216.46	216.86	214.04	217.11	63879036
2015-02-17	-0.006590	215.03	216.84	213.59	215.12	14054049
2015-02-16	0.007106	216.56	217.15	215.26	216.92	74026644
2015-02-13	-0.012755	213.80	215.87	212.80	213.86	30644130
2015-02-12	0.032788	220.81	220.92	218.95	220.08	19471359
2015-02-11	-0.009993	218.60	220.65	217.09	217.80	10866345
2015-02-10	0.006281	219.98	221.57	219.97	218.87	39386966
2015-02-09	0.024681	225.40	226.47	224.16	226.00	38859249
2015-02-06	0.011403	227.97	230.50	224.96	228.59	99331752
2015-02-05	-0.018506	223.76	224.98	222.42	224.31	82114452
2015-02-04	0.037503	232.15	232.92	230.46	232.95	69220097
2015-02-03	-0.020491	227.39	228.06	226.98	227.22	93505577
2015-02-02	0.020080	231.96	233.27	231.77	231.79	21237899
2015-01-30	-0.010958	229.41	231.98	226.74	231.28	94276399
2015-01-29	-0.038893	220.49	221.76	218.84	219.97	60598221
2015-01-28	0.021094	225.14	228.52	220.67	224.26	40915952
2015-01-27	0.012123	227.87	229.43	227.83	227.84	75577713
2015-01-26	-0.000410	227.78	229.17	225.83	227.92	59416562
2015-01-23	-0.043884	217.78	218.33	216.09	217.85	95391137
2015-01-22	0.025329	223.30	223.98	223.21	221.61	1428286
2015-01-21	-0.011120	220.82	221.23	217.43	220.82	52109031
2015-01-20	0.016354	224.43	226.18	221.69	226.05	1487663
2015-01-19	-0.004737	223.36	224.59	221.94	223.98	65177634
2015-01-16	0.033786	230.91	235.46	228.61	231.06	57649408
2015-01-15	-0.013837	227.72	228.62	225.16	230.23	56096510
2015-01-14	-0.053201	215.60	217.13	208.98	217.15	51943271
2015-01-13	-0.029662	209.21	212.02	209.11	209.00	18058593
2015-01-12	-0.017222	205.60	207.07	203.07	205.20	23628534
2015-01-09	0.011935	208.06	210.04	206.42	207.29	27647463
2015-01-08	0.023200	212.88	214.29	212.49	212.70	86701764
2015-01-07	0.024894	218.18	219.38	216.21	218.44	43047505
2015-01-06	-0.003506	217.42	218.14	215.09	217.43	62843321
2015-01-05	0.019920	221.75	224.01	218.33	221.30	28890064
2015-01-02	-0.020402	217.23	218.08	216.77	216.51	79568902
2015-01-01	0.006508	218.64	219.82	215.99	218.61	80025983
2014-12-31	0.030800	225.37	230.66	222.47	226.25	38317084
2014-12-30	0.047518	236.08	238.29	233.35	236.74	52816392
2014-12-29	0.025227	242.04	248.00	240.46	241.53	71122766
2014-12-26	0.016722	246.09	246.42	244.48	245.49	87095549
2014-12-25	-0.000719	245.91	252.34	244.38	247.12	58797616
2014-12-24	0.021296	251.15	251.44	250.23	249.94	1904124
2014-12-23	-0.041784	240.65	240.96	236.35	240.37	83027788
2014-12-22	0.004122	241.64	246.88	240.30	243.46	37492569
2014-12-19	-0.012227	238.69	241.24	234.82	238.26	67736404
2014-12-18	0.011429	241.42	241.44	238.47	240.08	46259900
2014-12-17	0.015317	245.11	247.17	244.80	243.59	61083974
2014-12-16	0.006007	246.59	250.29	245.83	246.69	68507705
2014-12-15	-0.016066	242.63	244.88	237.86	241.55	52576892
2014-12-12	0.017724	246.93	249.48	246.01	247.39	69836557
2014-12-11	-0.009539	244.57	245.71	242.70	244.44	22317532
2014-12-10	-0.043919	233.83	234.25	232.14	234.29	23553579
2014-12-09	-0.023340	228.37	231.11	226.93	228.48	91059721
2014-12-08	-0.023308	223.05	225.25	221.39	223.00	43002388
2014-12-05	-0.008701	221.11	223.76	218.65	221.71	11689752
2014-12-04	-0.035116	213.34	214.50	212.18	213.84	63385870
2014-12-03	0.015735	216.70	216.88	216.27	216.80	20715189
2014-12-02	0.019572	220.94	223.08	219.68	221.20	88002419
2014-12-01	0.006314	222.34	223.75	221.26	222.69	5579853
2014-11-28	-0.003364	221.59	224.28	218.00	222.32	56148335
2014-11-27	0.004274	222.54	223.94	219.92	223.46	68100860
2014-11-26	-0.003449	221.77	224.73	217.92	222.66	53073719
2014-11-25	0.021207	226.47	227.97	225.63	226.09	88287393
2014-11-24	0.006147	227.86	228.42	223.31	227.26	74843145
2014-11-21	0.010916	230.35	234.97	229.91	229.45	53858512
2014-11-20	-0.040627	220.99	221.10	220.77	220.50	50283007
2014-11-19	0.020138	225.44	228.56	224.60	226.14	67946744
2014-11-18	0.002444	225.99	228.21	225.49	226.52	65376122
2014-11-17	-0.002233	225.49	225.87	225.35	224.72	67732052
2014-11-14	0.023225	230.73	232.37	229.40	230.65	29827810
2014-11-13	-0.006200	229.30	230.90	227.41	231.18	71127351
2014-11-12	-0.020224	224.66	224.74	221.39	223.69	64659729
2014-11-11	0.001311	224.95	225.56	221.32	225.79	13338658
2014-11-10	0.021796	229.86	230.39	228.68	229.79	68434589
2014-11-07	-0.022525	224.68	225.68	221.34	223.71	95298137
2014-11-06	-0.030137	217.91	219.98	213.48	217.37	83526053
2014-11-05	0.002044	218.35	220.87	217.69	217.23	64363488
2014-11-04	0.008727	220.26	221.81	220.00	221.96	6226544
2014-11-03	-0.025397	214.66	216.41	214.61	213.97	36257725
2014-10-31	0.011062	217.04	218.06	216.91	215.87	33102028
2014-10-30	-0.011908	214.45	216.60	213.26	213.92	7733427
2014-10-29	0.031755	221.26	222.36	220.98	221.34	5538003
2014-10-28	-0.011010	218.83	219.09	218.77	219.80	1795785
2014-10-27	0.014249	221.95	223.38	217.48	222.13	32478270
2014-10-24	0.028684	228.31	232.28	221.19	230.08	39637978
2014-10-23	0.008529	230.26	231.17	229.88	230.45	58891908
2014-10-22	-0.020150	225.62	227.85	223.97	224.73	37487218
2014-10-21	-0.002503	225.06	226.56	225.03	224.24	5712496
2014-10-20	-0.010801	222.62	225.94	221.32	221.10	65647862
2014-10-17	-0.000280	222.56	224.20	221.46	220.35	22277183
2014-10-16	-0.009332	220.49	221.53	220.13	219.53	17495699
2014-10-15	-0.007502	218.83	221.84	217.79	218.20	9265584
2014-10-14	-0.020451	214.36	214.66	214.11	211.88	66356742
2014-10-13	0.004901	215.41	219.67	211.25	214.65	57203604
2014-10-10	-0.030567	208.82	210.15	208.16	210.35	8228196
2014-10-09	-0.010638	206.60	208.79	205.94	206.60	88188019
2014-10-08	0.000046	206.61	207.63	205.66	206.53	45037857
2014-10-07	-0.006028	205.37	207.09	204.53	204.97	56351684
2014-10-06	-0.027006	199.82	200.01	199.71	200.28	57780157
2014-10-03	0.007596	201.34	201.36	196.95	201.71	34995634
2014-10-02	-0.016189	198.08	198.87	195.14	198.26	3299972
2014-10-01	0.014245	200.90	201.81	200.85	201.40	19012592
2014-09-30	-0.021369	196.61	196.72	192.11	194.40	25628998
2014-09-29	-0.019137	192.84	195.07	191.26	193.26	52605011
2014-09-26	0.024396	197.55	199.97	193.71	198.20	20986263
2014-09-25	0.025664	202.62	204.23	202.57	202.11	87093952
2014-09-24	0.036287	209.97	211.73	207.85	209.86	25168135
2014-09-23	0.043654	219.14	221.33	215.26	219.73	7807529
2014-09-22	0.010089	221.35	224.42	219.98	219.18	35781523
2014-09-19	0.034056	228.89	229.70	227.41	228.48	44104400
2014-09-18	-0.003953	227.98	229.70	227.63	228.22	99661950
2014-09-17	0.019153	232.35	235.87	230.41	232.33	16922688
2014-09-16	0.026546	238.52	241.53	237.42	237.37	41292131
2014-09-15	0.005506	239.83	243.54	235.81	241.10	99274190
2014-09-12	0.003327	240.63	240.77	239.47	239.03	17222288
2014-09-11	0.004031	241.60	241.72	241.17	242.14	94110991
2014-09-10	0.005880	243.02	243.90	239.31	244.29	20852253
2014-09-09	0.014757	246.60	247.25	243.20	248.89	66694610
2014-09-08	-0.001694	246.19	247.20	243.56	246.47	45451832
2014-09-05	-0.027981	239.30	240.66	236.74	238.88	36357604
2014-09-04	0.016036	243.14	245.91	241.48	243.63	78625410
2014-09-03	-0.019424	238.41	240.30	238.17	238.54	84085065
2014-09-02	0.008339	240.40	243.10	237.79	237.76	14400635
2014-09-01	0.008103	242.35	247.01	239.74	240.41	83656977
2014-08-29	-0.017943	238.00	241.43	235.82	238.84	7455290
2014-08-28	-0.013309	234.83	236.44	234.57	236.21	54279003
2014-08-27	-0.012270	231.95	233.96	226.96	231.48	92488194
2014-08-26	0.013808	235.15	236.08	231.36	234.96	56683347
2014-08-25	0.026779	241.45	246.72	240.54	241.28	12963261
2014-08-22	-0.001868	241.00	246.46	240.60	241.21	60834967
2014-08-21	-0.009587	238.69	240.16	235.28	237.48	69150524
2014-08-20	-0.014081	235.33	239.05	232.48	234.13	22565951
2014-08-19	-0.006466	233.81	234.35	232.30	234.23	63339944
2014-08-18	-0.007982	231.94	237.45	230.13	232.87	52724364
2014-08-15	-0.022437	226.74	228.93	224.34	226.96	29214588
2014-08-14	0.031588	233.90	235.11	231.50	236.64	10183493
2014-08-13	-0.024819	228.09	229.40	226.48	228.25	66844536
2014-08-12	0.008295	229.99	231.38	229.60	231.32	18119320
2014-08-11	-0.013633	226.85	229.01	224.95	226.07	76536638
2014-08-08	0.002688	227.46	233.13	227.17	229.46	65449538
2014-08-07	-0.012534	224.61	227.60	223.35	224.25	90715504
2014-08-06	-0.000646	224.46	224.75	222.92	224.58	68857390
2014-08-05	-0.010164	222.18	222.28	219.99	221.34	25283247
2014-08-04	0.001480	222.51	223.69	222.42	222.88	45091234
2014-08-01	-0.031093	215.59	218.21	215.35	213.87	33836448
2014-07-31	0.018934	219.68	220.47	217.24	220.47	98046697
2014-07-30	-0.011111	217.23	222.37	212.78	216.62	31244885
2014-07-29	0.018094	221.17	222.80	220.01	220.72	16443612
2014-07-28	-0.003794	220.33	221.12	216.98	219.65	6335181
2014-07-25	-0.018965	216.15	217.84	215.93	217.34	3795791
2014-07-24	-0.011989	213.56	215.72	212.33	213.55	50213918
2014-07-23	-0.041170	204.76	205.68	204.69	204.53	86561510
2014-07-22	0.005134	205.81	208.82	204.76	206.94	50836200
2014-07-21	0.005797	207.01	208.80	205.93	205.82	64403752
2014-07-18	0.005494	208.15	210.07	207.91	209.25	81713860
2014-07-17	-0.009171	206.24	208.73	202.82	205.44	81742193
2014-07-16	-0.023016	201.49	204.18	200.78	200.38	82416956
2014-07-15	-0.019816	197.50	198.06	197.48	196.18	18321114
2014-07-14	0.022351	201.91	204.63	199.51	202.86	18600568
2014-07-11	-0.031375	195.58	196.72	191.60	194.45	97762251
2014-07-10	-0.060164	183.81	185.21	183.64	184.18	16927333
2014-07-09	0.002355	184.24	184.88	183.85	184.21	83422465
2014-07-08	0.042120	192.00	194.58	190.06	191.56	98625510
2014-07-07	0.020684	195.97	196.63	194.97	196.34	72451127
2014-07-04	0.023485	200.58	202.28	199.77	201.66	51872391
2014-07-03	0.018809	204.35	204.75	200.44	204.32	14338838
2014-07-02	0.007382	205.86	208.29	205.70	205.61	67426137
2014-07-01	-0.000643	205.73	206.82	204.85	205.41	22019976
2014-06-30	0.009297	207.64	207.97	206.91	208.56	48868908
2014-06-27	-0.013696	204.79	207.46	202.41	203.13	90789061
2014-06-26	0.035235	212.01	215.08	211.58	212.15	78344538
2014-06-25	-0.008155	210.28	211.95	208.98	208.81	25185980
2014-06-24	0.006988	211.75	213.72	207.38	212.44	61185645
2014-06-23	-0.038397	203.62	204.39	203.04	203.51	62516251
2014-06-20	0.008771	205.41	210.45	204.75	206.30	86955873
2014-06-19	-0.012924	202.75	203.96	200.66	202.84	87979795
2014-06-18	0.009076	204.59	206.34	204.01	205.96	62099462
2014-06-17	0.039238	212.62	214.39	211.34	213.57	74104933
2014-06-16	0.013242	215.43	220.75	215.31	214.75	83347826
2014-06-13	0.000210	215.48	215.67	214.53	215.16	49657624
2014-06-12	0.033660	222.73	230.33	221.07	223.46	73727348
2014-06-11	-0.005340	221.54	224.65	221.39	222.27	17272491
2014-06-10	0.017424	225.40	227.27	225.28	225.29	14388328
2014-06-09	0.028955	231.93	235.12	229.94	233.20	22774437
2014-06-06	-0.037811	223.16	223.31	219.79	223.61	5180774
2014-06-05	-0.017186	219.33	222.50	219.07	219.71	53655659
2014-06-04	0.031215	226.17	228.25	223.90	224.89	49184560
2014-06-03	-0.071604	209.98	210.33	209.73	207.68	85980829
2014-06-02	0.015624	213.26	215.13	213.20	212.88	48658402
2014-05-30	-0.006747	211.82	213.86	208.08	210.25	68577735
2014-05-29	-0.006110	210.52	212.65	209.15	211.03	66818478
2014-05-28	0.009008	212.42	214.40	211.44	212.93	52917697
2014-05-27	-0.016291	208.96	212.28	208.43	209.62	58220675
2014-05-26	0.015215	212.14	214.98	209.67	212.16	78417352
2014-05-23	0.003849	212.96	214.34	211.99	211.81	65035260
2014-05-22	-0.016648	209.41	210.82	207.87	210.84	86393528
2014-05-21	-0.014234	206.43	207.00	204.25	205.96	78355585
2014-05-20	0.012891	209.09	209.59	208.00	208.03	36652692
2014-05-19	0.040090	217.47	222.63	214.66	218.68	64720116
2014-05-16	-0.002583	216.91	218.40	215.21	216.54	71217957
2014-05-15	0.013534	219.85	220.33	218.06	221.00	81798375
2014-05-14	0.012399	222.57	223.55	222.19	221.71	39800763
2014-05-13	-0.016754	218.84	219.03	218.39	218.42	51882206
2014-05-12	-0.011452	216.34	217.12	215.45	214.26	11966670
2014-05-09	-0.003956	215.48	218.49	212.76	214.66	55849470
2014-05-08	-0.018503	211.49	212.01	208.69	210.78	22531043
2014-05-07	-0.001973	211.08	213.16	210.45	210.91	74059972
2014-05-06	0.025887	216.54	218.48	216.23	216.08	80673242
2014-05-05	-0.009135	214.56	216.54	214.35	213.03	71995985
2014-05-02	0.016215	218.04	218.08	216.12	219.39	58145357
2014-05-01	-0.019663	213.76	213.88	211.62	213.57	7802185
2014-04-30	-0.020885	209.29	209.76	208.70	210.81	8891658
2014-04-29	0.001623	209.63	210.28	208.65	210.22	10481809
2014-04-28	-0.000506	209.52	210.49	208.99	209.73	60879447
2014-04-25	0.003528	210.26	211.22	207.56	209.94	98611523
2014-04-24	0.000920	210.46	212.07	208.36	210.31	83733342
2014-04-23	0.022819	215.26	219.36	213.84	216.67	28503810
2014-04-22	-0.014856	212.06	214.11	211.12	210.22	30782515
2014-04-21	0.020747	216.46	217.58	215.59	216.42	84519182
2014-04-18	-0.018388	212.48	215.10	210.25	213.58	5906130
2014-04-17	-0.045601	202.79	203.68	201.36	203.46	30126040
2014-04-16	-0.021086	198.52	198.82	194.46	196.42	30503152
2014-04-15	-0.001141	198.29	198.89	197.81	197.47	84113098
2014-04-14	-0.030254	192.29	194.26	189.50	190.54	97153482
2014-04-11	0.013164	194.82	195.31	191.79	194.88	74863748
2014-04-10	-0.030154	188.95	190.25	186.68	189.22	97766916
2014-04-09	0.000258	189.00	190.41	187.24	187.43	7415469
2014-04-08	-0.020611	185.10	190.13	183.52	183.74	49111183
2014-04-07	-0.001699	184.79	187.37	183.26	185.74	77166995
2014-04-04	-0.028277	179.56	183.06	177.38	179.06	78862226
2014-04-03	-0.019768	176.01	176.51	174.26	175.43	12617489
2014-04-02	0.000317	176.07	178.57	175.47	177.06	52450717
2014-04-01	-0.026378	171.42	174.03	170.12	170.03	38010289
2014-03-31	-0.023222	167.44	167.92	166.30	167.52	12584313
2014-03-28	-0.019513	164.17	167.60	162.48	164.68	58963110
2014-03-27	-0.004434	163.45	164.83	162.74	164.30	11556101
2014-03-26	0.049599	171.55	174.19	169.46	172.45	58527551
2014-03-25	0.006345	172.64	173.17	169.76	172.07	5618937
2014-03-24	-0.021322	168.96	169.11	168.33	168.66	45043512
2014-03-21	-0.018693	165.80	166.87	164.49	164.02	51373578
2014-03-20	0.002175	166.16	167.09	163.84	166.39	58511344
2014-03-19	-0.023687	162.23	162.79	162.04	162.07	16310306
2014-03-18	0.035800	168.03	169.24	165.79	168.63	34315404
2014-03-17	-0.009453	166.45	170.17	166.03	166.29	40044378
2014-03-14	-0.005772	165.49	166.04	164.17	165.14	37405283
2014-03-13	0.000598	165.58	165.90	164.71	166.97	16890516
2014-03-12	-0.024554	161.52	162.14	160.67	159.65	36281123
2014-03-11	-0.017660	158.67	159.62	157.63	159.20	25208432
2014-03-10	-0.006874	157.58	160.14	154.23	157.91	27937504
2014-03-07	0.015477	160.01	162.59	159.85	159.27	93655325
2014-03-06	-0.007919	158.75	160.16	158.56	158.94	2510591
2014-03-05	0.012505	160.73	161.53	160.72	159.54	86841793
2014-03-04	0.033506	166.12	169.85	164.90	166.74	67514675
2014-03-03	0.024384	170.17	170.71	169.07	170.46	3516027
2014-02-28	-0.001655	169.89	172.11	168.13	172.08	1851269
2014-02-27	0.000906	170.04	171.99	169.74	170.40	93104430
2014-02-26	0.004885	170.87	171.27	170.83	171.40	23023843
2014-02-25	0.038284	177.41	178.33	176.85	177.87	12208866
2014-02-24	-0.020567	173.76	174.53	173.19	175.87	16218505
2014-02-21	-0.023783	169.63	170.52	169.48	169.87	57985559
2014-02-20	0.006936	170.81	173.41	170.69	173.22	39932025
2014-02-19	-0.035350	164.77	165.49	163.91	164.96	11365708
2014-02-18	0.029611	169.65	170.89	169.48	169.01	36945426
2014-02-17	-0.016999	166.77	167.96	165.87	165.73	39757762
2014-02-14	-0.017391	163.87	165.89	163.44	163.52	62412367
2014-02-13	0.020624	167.24	168.72	166.44	167.21	32905516
2014-02-12	-0.002052	166.90	169.83	165.67	167.92	26601521
2014-02-11	-0.029705	161.94	163.08	161.45	162.43	85806319
2014-02-10	-0.019628	158.77	158.98	156.41	158.63	90975756
2014-02-07	0.011512	160.59	161.59	159.68	161.31	46437413
2014-02-06	0.023138	164.31	165.51	161.04	162.82	18604587
2014-02-05	-0.012842	162.20	162.56	161.62	162.33	12148180
2014-02-04	-0.021391	158.73	160.39	156.44	157.95	49404907
2014-02-03	-0.013446	156.59	156.69	156.36	156.29	39420566
2014-01-31	-0.008385	155.28	155.86	154.63	155.98	21425018
2014-01-30	0.007469	156.44	156.66	154.61	155.51	78787184
2014-01-29	-0.000709	156.33	156.92	154.60	156.66	99720458
2014-01-28	-0.026058	152.26	152.72	151.13	152.25	5975134
2014-01-27	0.003223	152.75	154.57	151.79	151.77	63533405
2014-01-24	0.033559	157.87	158.41	157.12	157.60	73521388
2014-01-23	0.024277	161.71	164.77	160.28	162.13	2762945
2014-01-22	0.007697	162.95	164.76	159.99	163.01	96202743
2014-01-21	-0.021823	159.39	159.48	157.47	159.71	94318277
2014-01-20	-0.005921	158.45	158.62	158.08	157.69	52777761
2014-01-17	-0.015580	155.98	156.70	154.46	158.04	88078096
2014-01-16	-0.023944	152.25	153.40	150.83	150.33	29425684
2014-01-15	0.014488	154.45	155.20	153.35	155.30	39553594
2014-01-14	0.018683	157.34	158.06	154.21	158.64	55437980
2014-01-13	0.014012	159.54	159.98	158.63	158.91	69903944
2014-01-10	0.007512	160.74	161.98	158.90	160.60	27144757
2014-01-09	-0.028908	156.10	158.42	154.29	154.29	97425976
2014-01-08	0.003821	156.69	158.79	155.88	155.61	80451119
2014-01-07	0.035241	162.21	162.70	160.47	161.62	2633289
2014-01-06	0.008986	163.67	165.21	162.72	161.21	30650991
2014-01-03	0.017695	166.57	166.80	164.55	166.88	9928602
2014-01-02	-0.014313	164.18	164.62	162.47	165.16	75175019
