2016-01-01	-0.011261	291.32	294.76	286.00	290.86	93572773
2015-12-31	0.006351	293.17	294.93	292.46	292.60	66924054
2015-12-30	-0.045157	279.93	282.16	279.78	279.14	41671605
2015-12-29	-0.005863	278.29	279.21	275.14	277.44	25939643
2015-12-28	0.012540	281.78	283.56	279.66	281.48	89003186
2015-12-25	-0.003820	280.70	282.49	278.67	279.05	92192012
2015-12-24	-0.031995	271.72	274.36	270.80	273.81	73392734
2015-12-23	0.021681	277.61	282.72	276.49	277.58	54927183
2015-12-22	-0.027895	269.87	271.45	266.65	270.24	34819188
2015-12-21	-0.049581	256.49	256.95	254.96	255.51	36374090
2015-12-18	-0.007393	254.59	257.40	252.05	255.36	46417871
2015-12-17	0.017216	258.97	259.73	256.92	259.99	80511336
2015-12-16	-0.002220	258.40	259.14	255.90	259.41	62398386
2015-12-15	-0.017675	253.83	256.49	251.53	255.99	35718102
2015-12-14	-0.027840	246.76	249.98	246.32	247.50	61702556
2015-12-11	0.004613	247.90	248.66	245.65	247.24	86740570
2015-12-10	-0.016665	243.77	244.35	241.54	244.23	43833220
2015-12-09	-0.005360	242.46	243.33	241.49	242.54	47991982
2015-12-08	0.024497	248.40	249.85	247.70	248.53	91085460
2015-12-07	-0.012434	245.32	245.81	244.02	244.39	42288408
2015-12-04	0.013754	248.69	251.47	248.19	249.85	62822066
2015-12-03	0.034909	257.37	259.97	257.31	256.55	62433322
2015-12-02	0.008031	259.44	261.45	258.42	259.51	37410247
2015-12-01	0.043566	270.74	273.50	270.41	272.29	95310561
2015-11-30	-0.024678	264.06	266.92	261.09	264.77	47269507
2015-11-27	0.014254	267.82	268.02	267.17	266.88	67964546
2015-11-26	0.004152	268.94	271.00	267.52	268.14	80784480
2015-11-25	-0.012088	265.68	267.57	261.60	261.63	90453483
2015-11-24	-0.004659	264.45	264.57	262.97	263.62	66655345
2015-11-23	0.038377	274.60	276.55	271.90	274.88	47210469
2015-11-20	0.015718	278.91	279.75	278.13	278.91	54009181
2015-11-19	0.005578	280.47	281.72	277.10	278.02	87509315
2015-11-18	-0.024588	273.57	273.63	272.67	274.62	68185050
2015-11-17	0.025249	280.48	283.04	277.75	280.71	6705676
2015-11-16	0.022231	286.71	289.55	286.65	289.38	78801056
2015-11-13	-0.015725	282.21	285.91	279.84	281.50	50567382
2015-11-12	-0.031723	273.25	276.79	271.06	272.12	61080086
2015-11-11	-0.031229	264.72	265.90	264.64	262.64	47650194
2015-11-10	-0.011031	261.80	263.24	258.41	260.30	56320692
2015-11-09	-0.012673	258.48	261.38	256.40	258.28	47239572
2015-11-06	-0.007367	256.58	257.87	256.11	256.34	48492362
2015-11-05	0.026621	263.41	265.28	259.09	265.20	43577501
2015-11-04	0.000571	263.56	263.99	259.75	261.68	20722221
2015-11-03	-0.027747	256.25	257.47	253.74	256.75	10299074
2015-11-02	-0.038874	246.28	248.18	243.00	244.82	47482651
2015-10-30	0.015898	250.20	251.69	248.11	249.79	9234745
2015-10-29	-0.005966	248.71	251.55	248.23	248.62	61572875
2015-10-28	0.018707	253.36	254.71	250.02	251.16	93213693
2015-10-27	-0.011453	250.46	250.74	250.28	251.04	98267739
2015-10-26	-0.004259	249.39	252.47	249.38	250.54	67666465
2015-10-23	-0.013348	246.06	248.49	245.45	246.30	75543684
2015-10-22	-0.015418	242.27	247.58	240.04	242.97	3401200
2015-10-21	0.022645	247.75	249.42	246.61	248.84	88737909
2015-10-20	0.020104	252.74	253.07	251.41	252.52	19897995
2015-10-19	-0.010487	250.09	252.99	248.05	250.69	16443925
2015-10-16	0.029151	257.38	257.83	256.32	256.89	27173177
2015-10-15	-0.029715	249.73	256.14	248.43	250.74	86851637
2015-10-14	-0.008409	247.63	249.11	246.83	247.34	57006241
2015-10-13	0.008878	249.83	251.77	249.29	250.25	73667024
2015-10-12	-0.012900	246.60	247.73	242.46	247.62	46677122
2015-10-09	-0.021151	241.39	243.38	238.63	240.24	64115615
2015-10-08	0.029563	248.52	249.17	244.75	249.80	73637266
2015-10-07	-0.068606	231.47	234.35	230.10	232.22	40113962
2015-10-06	-0.018624	227.16	231.18	225.24	228.12	46700333
2015-10-05	0.033614	234.80	237.30	233.05	235.85	24474615
2015-10-02	-0.000193	234.75	235.01	234.04	236.72	97812536
2015-10-01	0.017115	238.77	241.04	238.42	238.72	86719510
2015-09-30	0.005889	240.18	243.56	239.01	241.72	16636062
2015-09-29	-0.019728	235.44	236.53	233.26	234.55	9939833
2015-09-28	-0.022713	230.09	230.58	227.16	232.61	79195522
2015-09-25	0.001457	230.43	232.57	230.10	230.05	24854071
2015-09-24	-0.005376	229.19	230.49	227.50	230.14	62983246
2015-09-23	0.015881	232.83	233.97	231.03	232.06	4296197
2015-09-22	-0.008003	230.96	233.26	230.71	232.61	5677785
2015-09-21	0.008038	232.82	232.88	227.28	232.66	20737923
2015-09-18	-0.015696	229.17	230.49	227.71	230.37	16085277
2015-09-17	0.002630	229.77	230.73	228.80	229.94	72143234
2015-09-16	0.024521	235.40	241.22	233.16	236.82	48551994
2015-09-15	0.006528	236.94	240.72	235.47	239.15	2190417
2015-09-14	0.012716	239.95	241.68	236.52	239.81	9886006
2015-09-11	0.041283	249.86	252.82	249.20	247.69	63940779
2015-09-10	-0.014263	246.29	247.69	245.25	245.99	85992718
2015-09-09	-0.032334	238.33	240.23	236.41	238.06	47205627
2015-09-08	-0.006581	236.76	237.03	236.39	236.89	73161704
2015-09-07	-0.001946	236.30	236.94	232.16	235.08	11909027
2015-09-04	-0.000689	236.14	237.53	233.79	237.13	27814902
2015-09-03	-0.038915	226.95	228.27	221.19	225.68	86297902
2015-09-02	-0.001340	226.65	235.25	225.40	227.58	25628469
2015-09-01	0.022930	231.84	235.77	228.82	232.01	42437167
2015-08-31	0.022305	237.01	238.03	234.96	237.99	30992530
2015-08-28	-0.001354	236.69	236.90	234.43	235.13	48629550
2015-08-27	0.001021	236.93	240.90	235.74	236.55	77690249
2015-08-26	-0.016603	233.00	233.40	232.93	232.21	38793179
2015-08-25	-0.015282	229.44	230.36	228.59	228.73	54760653
2015-08-24	-0.028020	223.01	223.22	218.86	223.82	44607635
2015-08-21	-0.008843	221.04	223.71	218.88	219.65	20188087
2015-08-20	0.028315	227.30	228.08	225.62	226.51	27436125
2015-08-19	0.002920	227.96	228.47	222.20	228.86	89692847
2015-08-18	-0.002983	227.28	228.20	226.72	226.74	70133253
2015-08-17	0.008347	229.18	231.20	225.53	227.43	38801287
2015-08-14	-0.016074	225.49	228.91	220.94	226.41	75162893
2015-08-13	0.002966	226.16	228.39	224.20	224.53	18565044
2015-08-12	0.016630	229.92	231.68	229.64	229.18	59624870
2015-08-11	0.053961	242.33	243.78	239.47	243.10	68090193
2015-08-10	-0.010304	239.83	241.79	237.75	238.70	17444472
2015-08-07	0.018144	244.19	246.99	240.42	245.39	36568086
2015-08-06	-0.011637	241.34	241.88	241.30	241.00	45585597
2015-08-05	0.033974	249.54	250.98	247.53	250.65	53290879
2015-08-04	0.004512	250.67	251.34	248.89	251.78	96418472
2015-08-03	0.011702	253.60	258.62	252.56	250.99	49204758
2015-07-31	-0.016177	249.50	252.61	247.16	248.23	99631138
2015-07-30	0.018802	254.19	255.82	253.61	253.68	60208059
2015-07-29	0.020626	259.43	262.47	257.05	258.09	90127202
2015-07-28	0.016844	263.80	264.28	263.70	263.32	58309533
2015-07-27	0.003075	264.61	264.68	262.57	262.97	84979508
2015-07-24	-0.031837	256.19	259.99	254.10	258.58	97152496
2015-07-23	-0.030847	248.29	251.01	245.13	249.24	71198838
2015-07-22	0.000805	248.49	249.85	247.61	247.62	91100476
2015-07-21	0.025214	254.75	257.04	251.93	254.67	37743965
2015-07-20	0.009728	257.23	262.13	255.13	258.84	28668811
2015-07-17	-0.025210	250.75	253.17	250.25	249.47	80066755
2015-07-16	-0.004561	249.60	251.67	248.49	247.74	26392992
2015-07-15	0.021361	254.93	255.30	253.77	254.41	7307330
2015-07-14	0.000622	255.09	255.92	253.70	255.35	13194744
2015-07-13	0.017892	259.66	262.97	258.55	258.55	18232065
2015-07-10	0.016682	263.99	266.90	261.01	262.30	35797889
2015-07-09	0.020616	269.43	271.99	268.37	266.50	7304018
2015-07-08	0.015610	273.64	273.81	273.15	271.55	68434158
2015-07-07	0.030877	282.09	284.10	279.89	281.80	99148708
2015-07-06	0.001219	282.43	283.63	281.90	281.61	75573789
2015-07-03	0.013457	286.23	286.35	285.45	284.90	32358961
2015-07-02	0.043234	298.61	301.03	298.12	298.32	9000449
2015-07-01	0.006219	300.46	304.13	297.26	301.63	18305774
2015-06-30	0.002649	301.26	304.68	299.65	302.02	52555527
2015-06-29	0.040856	313.57	314.81	311.89	312.27	7376264
2015-06-26	-0.001499	313.10	313.17	308.19	313.64	13375960
2015-06-25	-0.001652	312.58	317.14	310.71	311.72	57957725
2015-06-24	-0.054180	295.64	299.74	293.44	295.67	44152198
2015-06-23	-0.009607	292.80	294.45	291.77	294.29	5759194
2015-06-22	-0.008145	290.42	294.87	288.76	288.96	39015689
2015-06-19	0.015710	294.98	295.97	293.88	295.21	8637463
2015-06-18	0.005980	296.75	297.68	293.83	295.70	42648604
2015-06-17	0.033447	306.67	307.06	305.35	306.09	63643226
2015-06-16	-0.008122	304.18	305.67	301.47	305.97	90774172
2015-06-15	0.040419	316.47	320.74	313.43	316.61	57945072
2015-06-12	0.019600	322.68	324.99	320.91	320.26	73987544
2015-06-11	-0.017701	316.97	321.36	314.57	318.08	75090810
2015-06-10	-0.017495	311.42	311.42	311.37	313.91	75101856
2015-06-09	-0.010163	308.26	313.93	305.79	307.16	76619614
2015-06-08	-0.023720	300.94	301.73	299.51	300.81	98903726
2015-06-05	0.001204	301.31	304.28	299.69	303.72	53020187
2015-06-04	-0.003833	300.15	300.74	297.54	298.23	13023976
2015-06-03	-0.014095	295.92	299.01	295.52	296.77	31293139
2015-06-02	-0.007673	293.65	296.24	292.72	292.45	74954261
2015-06-01	0.000152	293.69	296.34	292.88	291.17	98777784
2015-05-29	0.007598	295.93	296.13	293.38	293.65	48751604
2015-05-28	-0.003733	294.82	302.62	294.65	295.57	90656429
2015-05-27	0.007614	297.07	298.94	294.92	296.49	77263308
2015-05-26	-0.031596	287.68	290.04	285.38	286.84	97660503
2015-05-25	-0.011757	284.30	285.30	283.76	284.31	27076708
2015-05-22	0.001914	284.84	286.58	282.55	284.09	7334843
2015-05-21	0.009733	287.61	288.09	284.71	287.60	77991531
2015-05-20	0.048692	301.62	303.93	300.29	300.87	55611942
2015-05-19	0.001665	302.12	303.39	300.73	301.84	52100147
2015-05-18	-0.001095	301.79	302.48	296.47	305.01	85492776
2015-05-15	0.016000	306.62	307.88	301.67	306.32	31326988
2015-05-14	0.026079	314.61	316.54	310.11	316.54	95238673
2015-05-13	0.014076	319.04	319.36	312.17	319.51	40748611
2015-05-12	0.007002	321.28	322.53	320.47	321.62	23401052
2015-05-11	0.072360	344.52	346.64	341.94	342.44	95915826
2015-05-08	0.017945	350.71	353.16	349.40	353.24	18289138
2015-05-07	0.015490	356.14	361.94	355.65	357.40	77418074
2015-05-06	0.011224	360.14	365.79	352.26	359.97	19186843
2015-05-05	-0.003562	358.85	362.86	357.44	360.78	49839812
2015-05-04	-0.000597	358.64	360.21	356.22	359.47	13368404
2015-05-01	0.008829	361.81	364.66	353.45	359.81	55981760
2015-04-30	0.019417	368.83	370.23	365.90	368.99	69997586
2015-04-29	0.009360	372.28	374.71	366.12	371.52	30830835
2015-04-28	0.012175	376.82	382.14	374.10	377.91	3026861
2015-04-27	0.008816	380.14	381.88	373.85	381.10	89658245
2015-04-24	0.023953	389.24	391.39	388.77	389.83	56321717
2015-04-23	-0.013276	384.08	384.97	380.77	383.44	95241929
2015-04-22	0.023244	393.00	393.88	392.59	393.01	14340326
2015-04-21	-0.026187	382.71	384.49	381.56	385.50	23697487
2015-04-20	-0.004683	380.92	381.71	378.05	383.49	11199912
2015-04-17	0.001674	381.56	382.32	375.88	375.21	62076997
2015-04-16	0.007249	384.32	385.59	379.28	386.06	41302872
2015-04-15	0.016536	390.68	391.36	387.35	391.20	88775495
2015-04-14	0.002473	391.64	398.67	388.44	391.66	99175498
2015-04-13	-0.004046	390.06	392.42	387.44	388.23	73180869
2015-04-10	-0.004307	388.38	393.29	388.01	389.81	46393258
2015-04-09	0.008996	391.87	393.56	391.52	389.15	7347032
2015-04-08	0.013419	397.13	401.07	395.08	395.91	29223323
2015-04-07	-0.010319	393.03	395.34	392.94	391.58	74410741
2015-04-06	0.007983	396.17	399.47	396.01	396.96	68360760
2015-04-03	-0.030358	384.14	387.52	382.21	386.00	92039708
2015-04-02	-0.009205	380.61	380.78	378.97	380.44	64538639
2015-04-01	-0.027797	370.03	375.21	368.25	369.67	28966224
2015-03-31	-0.001769	369.37	370.22	367.49	372.19	11681627
2015-03-30	0.008470	372.50	372.70	369.37	372.67	96027584
2015-03-27	0.017705	379.10	384.71	377.76	377.63	62002347
2015-03-26	0.007226	381.84	388.25	378.74	380.53	21425152
2015-03-25	-0.003371	380.55	386.04	379.65	384.46	31426005
2015-03-24	-0.001003	380.17	381.39	379.72	377.60	28637188
2015-03-23	-0.013474	375.05	376.19	372.13	373.71	97923938
2015-03-20	-0.044258	358.45	361.29	355.31	359.56	77095111
2015-03-19	0.003176	359.59	361.15	354.34	359.90	45085602
2015-03-18	0.002952	360.65	363.65	358.17	359.94	95924256
2015-03-17	0.015656	366.29	368.97	351.85	365.18	75386348
2015-03-16	0.031815	377.95	384.09	373.82	379.50	24158905
2015-03-13	-0.003182	376.74	378.11	373.91	376.57	97033942
2015-03-12	0.002067	377.52	383.30	376.36	381.43	70401169
2015-03-11	0.014944	383.16	385.45	379.17	381.10	9982930
2015-03-10	-0.021942	374.76	379.68	372.29	376.98	36171046
2015-03-09	0.007682	377.64	380.03	372.03	376.54	44033433
2015-03-06	0.007247	380.37	381.44	376.90	379.34	33840345
2015-03-05	-0.032303	368.09	373.03	363.59	372.11	94548955
2015-03-04	-0.014715	362.67	363.70	360.46	364.15	34604483
2015-03-03	-0.018340	356.02	359.96	352.61	359.74	89241268
2015-03-02	-0.012410	351.60	351.86	349.91	350.11	31580017
2015-02-27	-0.020719	344.32	346.51	343.12	344.04	5426444
2015-02-26	-0.015538	338.96	346.51	336.04	339.34	41792337
2015-02-25	-0.014960	333.89	336.53	330.98	331.60	85008850
2015-02-24	-0.022495	326.38	330.27	321.33	326.63	41401643
2015-02-23	0.027442	335.34	335.38	332.48	333.81	57649516
2015-02-20	0.024062	343.41	345.58	340.17	345.31	11185718
2015-02-19	0.010181	346.90	350.20	345.36	348.22	20260450
2015-02-18	-0.002396	346.07	347.32	344.11	345.64	57593782
2015-02-17	-0.027513	336.55	338.72	336.39	338.52	79859946
2015-02-16	-0.027735	327.22	328.72	323.07	325.57	23186646
2015-02-13	0.010934	330.80	336.63	329.43	328.72	18383923
2015-02-12	0.037272	343.12	348.32	340.45	337.31	31010446
2015-02-11	0.004061	344.52	346.38	343.83	344.89	63233539
2015-02-10	0.003563	345.75	347.76	342.59	345.98	88078550
2015-02-09	-0.040457	331.76	332.16	330.62	332.34	55219329
2015-02-06	0.009859	335.03	336.35	330.46	333.45	12144575
2015-02-05	-0.008993	332.02	335.21	331.37	334.29	93912240
2015-02-04	0.017120	337.70	339.82	334.16	334.84	44064898
2015-02-03	-0.008625	334.79	337.55	333.33	334.67	45848554
2015-02-02	-0.016131	329.39	330.69	328.78	329.60	70491830
2015-01-30	0.063460	350.29	352.93	346.61	352.08	55177614
2015-01-29	0.007678	352.98	356.91	347.44	354.24	9715195
2015-01-28	-0.000504	352.80	361.51	349.69	354.25	75284399
2015-01-27	-0.011943	348.59	351.01	346.17	349.31	95837399
2015-01-26	0.013293	353.22	357.65	350.57	355.75	18165801
2015-01-23	0.060095	374.45	379.69	371.61	373.10	59959860
2015-01-22	-0.000539	374.25	378.76	371.41	373.97	83464983
2015-01-21	0.018644	381.22	385.22	377.90	384.13	46785761
2015-01-20	0.050134	400.34	402.49	398.26	397.26	60209652
2015-01-19	-0.010046	396.31	397.46	394.39	393.88	82526002
2015-01-16	-0.036834	381.72	384.15	379.80	382.44	37813144
2015-01-15	0.000455	381.89	383.84	375.44	376.99	72522346
2015-01-14	0.006041	384.20	389.55	380.44	385.44	28789238
2015-01-13	-0.037509	369.79	373.30	369.33	369.61	72226559
2015-01-12	0.006725	372.27	373.96	371.75	372.95	53566491
2015-01-09	0.005309	374.25	376.46	374.10	372.34	61541847
2015-01-08	-0.001205	373.80	374.67	370.89	373.54	70694911
2015-01-07	0.001395	374.32	376.10	374.22	372.31	94794175
2015-01-06	-0.005114	372.41	377.46	369.91	374.77	9612599
2015-01-05	-0.024628	363.23	366.76	361.96	360.55	30363284
2015-01-02	0.025624	372.54	373.63	371.92	372.81	43301762
2015-01-01	-0.027815	362.18	362.47	359.32	362.06	18729983
2014-12-31	-0.026384	352.62	353.90	346.58	356.28	30835231
2014-12-30	-0.001781	352.00	353.33	350.04	349.34	84192452
2014-12-29	0.000483	352.17	353.45	349.97	351.32	25283275
2014-12-26	0.012828	356.68	358.30	350.50	358.57	8881562
2014-12-25	-0.007839	353.89	358.38	352.99	351.73	83731145
2014-12-24	-0.011072	349.97	353.75	349.91	352.31	70667436
2014-12-23	-0.007436	347.37	350.43	344.12	345.54	91085286
2014-12-22	-0.034937	335.23	337.29	331.37	334.34	89094251
2014-12-19	-0.006306	333.12	337.51	331.83	333.78	31113176
2014-12-18	-0.027531	323.94	326.98	320.13	324.56	24422023
2014-12-17	0.002744	324.83	325.62	324.13	327.01	27895937
2014-12-16	0.030686	334.80	337.67	331.08	335.62	85332335
2014-12-15	-0.026213	326.03	330.36	324.55	327.57	10552244
2014-12-12	0.013286	330.36	339.89	323.94	331.94	92242158
2014-12-11	-0.013213	325.99	333.20	321.25	324.16	85768721
2014-12-10	-0.045315	311.22	315.18	311.07	310.54	91027560
2014-12-09	0.016638	316.40	320.41	314.99	316.39	68620899
2014-12-08	-0.010443	313.09	314.97	307.48	313.35	22009342
2014-12-05	-0.013126	308.98	310.36	308.76	308.22	55890841
2014-12-04	0.034486	319.64	322.43	317.85	319.52	37805332
2014-12-03	-0.011019	316.12	318.85	315.13	314.30	82485274
2014-12-02	-0.023283	308.76	312.31	306.36	310.94	24200201
2014-12-01	0.003496	309.84	318.17	309.41	312.12	83100128
2014-11-28	-0.016044	304.87	306.96	304.18	303.08	83885819
2014-11-27	-0.019513	298.92	299.55	298.53	298.99	26155879
2014-11-26	-0.010435	295.80	296.56	293.61	296.59	40049016
2014-11-25	0.029551	304.54	307.62	304.38	305.18	85924846
2014-11-24	-0.008276	302.02	304.72	301.77	303.53	75879264
2014-11-21	0.014703	306.46	309.93	304.64	305.29	15649601
2014-11-20	0.018846	312.23	317.26	309.53	313.07	39745530
2014-11-19	0.019469	318.31	321.40	317.42	318.32	82696271
2014-11-18	-0.005065	316.70	318.16	315.87	316.55	99599146
2014-11-17	-0.009762	313.61	316.08	312.72	311.31	47278254
2014-11-14	0.020853	320.15	323.91	316.11	321.76	97838529
2014-11-13	0.001127	320.51	320.66	316.19	321.32	38214637
2014-11-12	-0.000399	320.38	322.12	316.82	320.71	29650083
2014-11-11	-0.007100	318.11	320.46	314.52	317.36	74365058
2014-11-10	-0.017067	312.68	316.85	311.16	311.47	58883868
2014-11-07	-0.007048	310.47	310.81	309.26	310.11	62990912
2014-11-06	-0.013841	306.18	307.00	300.94	306.32	92611981
2014-11-05	-0.015086	301.56	303.19	295.74	300.29	99642198
2014-11-04	-0.091821	273.87	274.09	270.99	274.60	60681054
2014-11-03	0.015850	278.21	282.22	277.40	277.76	60761078
2014-10-31	0.004633	279.50	280.51	277.24	279.55	30691306
2014-10-30	-0.001182	279.17	279.33	273.80	280.83	42245316
2014-10-29	0.012327	282.61	284.23	281.75	281.06	57932720
2014-10-28	0.032432	291.78	294.59	290.18	292.96	72906139
2014-10-27	-0.015825	287.16	288.99	284.58	285.86	31678041
2014-10-24	-0.035760	276.89	278.52	276.04	276.20	13663648
2014-10-23	0.015856	281.28	281.74	280.53	282.72	36492909
2014-10-22	-0.007461	279.18	283.82	278.02	280.12	92175673
2014-10-21	0.020611	284.93	285.33	284.72	281.71	82472630
2014-10-20	-0.002362	284.26	286.08	283.14	282.58	93736535
2014-10-17	0.041753	296.13	301.70	296.11	298.03	91608517
2014-10-16	-0.015273	291.61	293.81	289.49	290.52	49639482
2014-10-15	0.035657	302.01	304.58	300.26	302.19	30715269
2014-10-14	-0.001714	301.49	301.53	298.58	301.77	1768977
2014-10-13	-0.025703	293.74	294.79	291.08	291.78	29846433
2014-10-10	0.009120	296.42	299.65	292.90	295.29	58232168
2014-10-09	-0.018426	290.96	293.02	288.01	291.23	43897495
2014-10-08	-0.020746	284.92	285.66	278.55	285.51	37649339
2014-10-07	0.001958	285.48	286.51	281.88	287.14	61843737
2014-10-06	-0.000485	285.34	290.59	283.28	287.48	76566645
2014-10-03	0.013910	289.31	289.64	289.11	289.38	29645356
2014-10-02	-0.048076	275.40	277.04	271.86	274.22	63444587
2014-10-01	-0.003444	274.45	279.14	273.41	271.03	31749438
2014-09-30	0.029127	282.45	283.49	279.23	282.08	39405138
2014-09-29	0.010208	285.33	289.74	283.23	284.13	77395873
2014-09-26	0.012681	288.95	291.66	287.09	288.78	49527470
2014-09-25	-0.017689	283.84	284.69	280.22	285.39	93219098
2014-09-24	0.001059	284.14	286.64	281.49	286.39	35789550
2014-09-23	-0.023886	277.35	279.54	276.97	278.28	26209566
2014-09-22	0.017240	282.13	286.29	276.61	281.75	45903452
2014-09-19	0.015121	286.40	287.39	284.09	286.58	16518574
2014-09-18	-0.025141	279.20	279.96	271.34	278.13	67185351
2014-09-17	-0.005434	277.68	281.90	275.27	278.15	5694640
2014-09-16	0.015291	281.93	282.47	276.99	281.74	91549773
2014-09-15	-0.009018	279.38	280.28	273.74	279.08	5457391
2014-09-12	-0.005927	277.73	280.94	275.08	277.85	84284306
2014-09-11	-0.026755	270.30	272.64	268.11	271.59	59882370
2014-09-10	-0.000017	270.29	272.17	262.67	269.92	62063261
2014-09-09	-0.004629	269.04	272.39	267.80	270.54	86731359
2014-09-08	-0.027614	261.61	265.23	260.73	260.44	42334579
2014-09-05	-0.014894	257.72	259.21	256.03	255.70	74781248
2014-09-04	0.025676	264.33	264.52	262.97	264.31	51958027
2014-09-03	-0.000002	264.33	265.14	263.52	264.67	60319195
2014-09-02	0.007626	266.35	268.96	261.17	268.99	1858786
2014-09-01	-0.000251	266.28	267.54	264.75	264.74	95099923
2014-08-29	0.000157	266.32	269.58	265.22	267.31	32004995
2014-08-28	-0.040120	255.64	256.15	250.98	254.31	74246507
2014-08-27	0.037995	265.35	270.18	263.57	263.70	5371573
2014-08-26	0.019856	270.62	273.34	269.58	267.78	77620121
2014-08-25	0.008902	273.03	274.82	267.84	273.15	65744079
2014-08-22	-0.002547	272.33	273.57	270.31	271.83	16819808
2014-08-21	0.008646	274.69	275.40	274.00	274.54	5913325
2014-08-20	-0.013238	271.05	274.39	268.02	273.70	41325892
2014-08-19	0.013858	274.81	279.80	274.05	274.42	86737724
2014-08-18	0.032050	283.62	285.27	279.32	284.98	29893053
2014-08-15	-0.011088	280.47	281.38	279.68	280.24	8609446
2014-08-14	0.018574	285.68	291.07	281.06	281.70	1387158
2014-08-13	-0.016342	281.01	281.16	279.90	282.35	53340696
2014-08-12	-0.019348	275.57	278.28	271.23	277.59	38711420
2014-08-11	-0.041930	264.02	264.66	261.11	265.70	99504484
2014-08-08	0.018074	268.79	269.28	268.40	268.94	53447506
2014-08-07	-0.002214	268.20	270.50	266.92	269.88	92321798
2014-08-06	0.030848	276.47	276.66	272.22	277.63	43495856
2014-08-05	-0.009804	273.76	277.53	270.90	274.21	25478139
2014-08-04	-0.006959	271.85	274.13	269.95	272.20	28747238
2014-08-01	0.023288	278.18	283.38	271.77	278.98	22345464
2014-07-31	-0.013125	274.53	274.60	272.93	274.55	42824053
2014-07-30	0.002370	275.18	277.60	275.17	274.51	91142346
2014-07-29	-0.005065	273.79	275.80	272.84	271.65	57523667
2014-07-28	-0.031502	265.17	265.66	258.99	265.99	18679352
2014-07-25	-0.036665	255.44	258.23	253.23	255.59	70696257
2014-07-24	-0.001530	255.05	259.58	254.46	255.69	63600302
2014-07-23	-0.019261	250.14	251.38	248.02	249.35	20297711
2014-07-22	0.006580	251.79	251.91	249.37	253.71	53103250
2014-07-21	0.004134	252.83	255.89	252.37	252.79	21457291
2014-07-18	-0.006076	251.29	252.46	250.91	251.42	63487232
2014-07-17	0.002193	251.84	253.99	251.38	251.24	57540339
2014-07-16	0.004051	252.86	254.75	250.82	253.16	60976020
2014-07-15	-0.016553	248.68	252.25	245.50	250.23	7494951
2014-07-14	0.010199	251.21	253.83	249.08	249.79	49895682
2014-07-11	-0.006544	249.57	251.94	247.66	248.30	37269005
2014-07-10	0.018496	254.18	257.02	253.74	255.35	70574724
2014-07-09	0.012195	257.28	257.36	255.65	256.89	94188156
2014-07-08	-0.004007	256.25	258.29	251.61	255.65	42157957
2014-07-07	-0.014501	252.54	253.23	252.01	254.29	49502329
2014-07-04	-0.007134	250.74	255.43	250.44	253.37	97727875
2014-07-03	-0.001780	250.29	252.81	249.56	253.07	12704619
2014-07-02	-0.002091	249.77	250.86	248.68	253.48	31142268
2014-07-01	0.034998	258.51	259.61	257.05	259.78	79475476
2014-06-30	0.026096	265.25	267.93	262.38	265.53	27684515
2014-06-27	0.012321	268.52	269.40	267.65	268.32	6520421
2014-06-26	0.016144	272.86	274.84	272.53	271.61	80696453
2014-06-25	-0.003358	271.94	277.30	270.11	271.77	97836044
2014-06-24	-0.007784	269.82	275.02	269.59	269.63	54576665
2014-06-23	0.015076	273.89	275.04	273.24	276.32	76692512
2014-06-20	-0.002890	273.10	274.17	272.48	271.89	1949806
2014-06-19	-0.009936	270.39	270.46	268.58	270.41	32280752
2014-06-18	-0.007146	268.45	271.15	264.06	267.72	97630475
2014-06-17	0.022361	274.46	274.74	274.02	274.11	59311887
2014-06-16	0.026107	281.62	287.84	280.41	281.53	83374162
2014-06-13	0.026111	288.97	292.92	287.16	289.53	94203047
2014-06-12	-0.024370	281.93	282.37	281.28	281.06	90951456
2014-06-11	-0.027635	274.14	274.71	270.61	272.00	35882663
2014-06-10	-0.027225	266.68	268.77	266.47	266.70	31965265
2014-06-09	-0.007993	264.55	267.77	263.90	266.84	92716079
2014-06-06	-0.006590	262.80	263.95	260.25	263.01	30098277
2014-06-05	-0.012283	259.58	263.78	257.55	258.89	9946820
2014-06-04	-0.020180	254.34	257.61	252.47	255.51	44722059
2014-06-03	-0.002231	253.77	257.38	251.72	252.54	63745540
2014-06-02	0.028344	260.96	265.32	260.63	260.29	37523901
2014-05-30	0.000938	261.21	263.95	259.93	260.73	72345935
2014-05-29	-0.013342	257.72	260.55	255.32	256.55	84289556
2014-05-28	0.007976	259.78	267.80	259.73	258.05	22566089
2014-05-27	-0.035487	250.56	253.81	249.13	250.67	39920789
2014-05-26	0.033131	258.86	260.21	256.67	259.92	89648216
2014-05-23	-0.017191	254.41	256.01	253.36	253.88	12132203
2014-05-22	-0.025186	248.00	249.79	247.38	250.01	45402570
2014-05-21	0.003676	248.91	249.80	246.20	249.37	18920460
2014-05-20	0.013137	252.18	254.25	250.31	252.60	60134596
2014-05-19	0.009327	254.54	254.93	246.86	255.58	93401170
2014-05-16	0.006428	256.17	258.20	255.36	256.10	42627182
2014-05-15	0.008077	258.24	259.03	254.87	257.68	75150214
2014-05-14	-0.001740	257.79	257.98	257.21	256.52	63553392
2014-05-13	0.009643	260.28	262.79	257.22	259.19	60378860
2014-05-12	0.035315	269.47	271.00	268.39	269.51	91093828
2014-05-09	0.010101	272.19	274.69	270.68	271.38	32142358
2014-05-08	-0.029096	264.27	265.50	262.86	263.08	89696210
2014-05-07	-0.003698	263.29	263.42	262.36	262.51	81083005
2014-05-06	-0.010302	260.58	261.75	257.10	260.18	50438768
2014-05-05	-0.007413	258.65	260.26	255.41	257.00	2116849
2014-05-02	-0.009463	256.20	259.32	253.59	254.07	30540096
2014-05-01	0.018492	260.94	263.39	258.27	261.55	73004884
2014-04-30	0.037543	270.74	271.90	267.88	269.93	96809948
2014-04-29	-0.021062	265.03	266.31	262.26	265.89	6371935
2014-04-28	-0.025835	258.19	258.45	256.95	256.38	67593051
2014-04-25	-0.019194	253.23	255.52	251.41	252.89	34235750
2014-04-24	0.019809	258.25	258.71	255.78	260.28	13691752
2014-04-23	-0.007910	256.21	257.07	253.27	255.89	65099147
2014-04-22	0.031789	264.35	264.62	263.78	266.95	89366458
2014-04-21	-0.011794	261.23	263.68	259.20	259.39	32412982
2014-04-18	0.018834	266.15	270.76	264.69	266.61	57557699
2014-04-17	-0.015024	262.15	263.20	261.64	260.24	77258443
2014-04-16	-0.060595	246.27	248.18	245.92	246.49	71329084
2014-04-15	-0.026333	239.78	239.94	236.59	240.81	78870955
2014-04-14	0.002321	240.34	242.80	238.72	238.63	41503146
2014-04-11	-0.010727	237.76	238.72	236.64	238.68	6280817
2014-04-10	-0.018126	233.45	235.10	233.15	232.36	77145828
2014-04-09	-0.061081	219.19	220.03	219.10	218.60	42795746
2014-04-08	-0.023441	214.05	219.43	213.41	215.30	52691061
2014-04-07	0.024008	219.19	220.08	214.26	218.05	23987462
2014-04-04	0.004975	220.28	220.40	219.00	221.47	9348688
2014-04-03	0.005973	221.60	222.27	221.33	220.54	6469033
2014-04-02	0.012532	224.38	226.65	223.28	224.05	5362028
2014-04-01	-0.029066	217.86	220.45	211.98	218.29	99729443
2014-03-31	0.005393	219.03	219.48	216.04	219.26	74624023
2014-03-28	0.011392	221.53	225.70	220.47	221.96	98990488
2014-03-27	-0.011568	218.96	222.18	216.35	219.68	10437226
2014-03-26	-0.003016	218.30	218.99	214.34	216.59	72652056
2014-03-25	0.013082	221.16	221.24	220.06	220.95	83950217
2014-03-24	0.013498	224.14	225.08	220.16	225.39	40837769
2014-03-21	0.011539	226.73	228.36	226.42	226.32	36991621
2014-03-20	-0.016495	222.99	223.54	220.82	222.18	90071277
2014-03-19	0.041408	232.22	234.77	231.70	230.68	20332067
2014-03-18	0.028306	238.80	239.38	234.85	239.52	52782201
2014-03-17	0.011477	241.54	248.13	240.61	241.77	61824960
2014-03-14	0.033525	249.63	250.01	248.54	247.22	41939743
2014-03-13	-0.014873	245.92	247.17	244.63	245.51	35844531
2014-03-12	0.009363	248.22	249.21	246.68	248.24	46729925
2014-03-11	0.008079	250.23	252.92	248.09	251.59	45946502
2014-03-10	0.008672	252.40	252.75	251.45	254.09	23585993
2014-03-07	-0.003324	251.56	254.64	249.80	253.34	70225279
2014-03-06	0.001346	251.90	252.49	250.79	250.69	15304411
2014-03-05	0.020255	257.00	258.20	255.27	259.80	70510803
2014-03-04	-0.008697	254.77	258.22	253.08	254.56	56307947
2014-03-03	-0.019860	249.71	255.38	247.45	249.00	71305248
2014-02-28	-0.031398	241.87	245.15	239.13	242.45	83268762
2014-02-27	-0.007183	240.13	244.35	237.35	239.70	73819334
2014-02-26	-0.036682	231.32	235.52	230.90	229.68	23769218
2014-02-25	-0.002033	230.85	232.60	230.19	230.71	28620966
2014-02-24	0.022758	236.10	241.22	235.58	235.92	91278681
2014-02-21	0.005241	237.34	237.52	235.93	235.75	8396630
2014-02-20	-0.036136	228.77	228.96	225.67	228.27	17399373
2014-02-19	0.019361	233.19	233.69	232.02	231.88	5255562
2014-02-18	-0.016266	229.40	230.18	228.02	229.30	15707775
2014-02-17	-0.003130	228.68	233.40	226.94	227.86	71706787
2014-02-14	-0.008718	226.69	229.53	226.09	226.45	30303804
2014-02-13	-0.007933	224.89	225.45	223.42	223.81	97420443
2014-02-12	-0.006399	223.45	224.55	219.61	223.56	28407420
2014-02-11	-0.007357	221.81	222.78	216.68	222.79	60993177
2014-02-10	-0.002388	221.28	222.38	220.99	219.21	76080757
2014-02-07	-0.020305	216.79	220.28	214.93	217.62	50194117
2014-02-06	-0.005589	215.57	216.11	214.02	216.01	66491676
2014-02-05	0.016753	219.19	220.71	218.21	218.12	61841512
2014-02-04	-0.022872	214.17	216.24	212.96	215.14	83209232
2014-02-03	-0.007580	212.55	214.19	209.91	212.79	23508475
2014-01-31	-0.000988	212.34	216.46	210.53	212.46	1620082
2014-01-30	0.004941	213.39	213.91	212.21	212.53	37691203
2014-01-29	0.028652	219.50	221.82	215.31	219.40	1840317
2014-01-28	0.030629	226.22	228.47	223.98	225.16	19365994
2014-01-27	0.006757	227.75	228.21	227.62	228.11	13151929
2014-01-24	-0.019576	223.29	228.01	221.55	222.26	71831200
2014-01-23	-0.004649	222.26	222.44	221.72	222.95	47911500
2014-01-22	-0.026534	216.36	216.38	215.72	215.72	82416148
2014-01-21	-0.028953	210.10	211.42	210.01	209.95	36582913
2014-01-20	-0.002102	209.65	211.69	208.49	209.60	59938382
2014-01-17	-0.012349	207.06	209.53	206.01	207.25	56585028
2014-01-16	-0.018882	203.15	204.21	201.57	203.99	27985533
2014-01-15	0.003614	203.89	204.44	203.33	205.03	72788411
2014-01-14	0.034832	210.99	212.12	208.02	211.92	90623279
2014-01-13	-0.002115	210.54	213.33	209.60	210.42	30126338
2014-01-10	-0.013841	207.63	208.60	207.12	206.83	20959888
2014-01-09	0.027103	213.26	213.41	209.68	212.92	56330901
2014-01-08	0.013946	216.23	219.04	215.47	216.30	45783092
2014-01-07	0.006753	217.69	218.62	217.21	217.15	11283273
2014-01-06	-0.003642	216.90	218.16	215.04	216.68	3558314
2014-01-03	0.004969	217.98	218.64	217.04	218.27	2376108
2014-01-02	-0.030720	211.28	213.07	210.27	211.82	59279746
