2016-01-01	-0.011539	131.94	132.21	130.24	131.71	68813362
2015-12-31	-0.020103	129.29	131.53	128.48	129.76	67759776
2015-12-30	0.005961	130.06	131.07	128.27	129.66	73251681
2015-12-29	-0.010671	128.67	131.20	127.64	127.81	57232244
2015-12-28	0.035065	133.18	133.41	132.70	133.37	27861771
2015-12-25	0.006086	133.99	134.13	130.98	134.83	2064255
2015-12-24	-0.008145	132.90	134.32	132.69	132.99	80467699
2015-12-23	0.010442	134.29	135.30	132.69	135.05	70156727
2015-12-22	0.012905	136.02	137.67	135.33	136.64	42504732
2015-12-21	0.031409	140.29	140.71	139.89	140.63	55750976
2015-12-18	-0.002493	139.94	139.99	139.02	140.05	86024963
2015-12-17	0.010694	141.44	143.51	141.23	141.32	67897703
2015-12-16	0.011503	143.07	144.84	142.80	143.31	42963435
2015-12-15	0.051293	150.40	150.52	149.66	149.45	12883389
2015-12-14	-0.009232	149.02	149.61	148.74	149.03	46258642
2015-12-11	0.024082	152.60	154.51	151.13	152.68	24630276
2015-12-10	0.011149	154.31	155.51	153.74	153.83	47999779
2015-12-09	0.014983	156.62	158.11	156.60	155.99	15435731
2015-12-08	-0.035301	151.09	151.66	149.98	149.11	2227496
2015-12-07	-0.028030	146.85	148.63	145.14	146.00	43717988
2015-12-04	0.030647	151.35	152.64	150.43	150.74	94659337
2015-12-03	-0.008452	150.08	151.18	149.91	150.11	4617208
2015-12-02	0.028316	154.32	158.29	152.83	154.71	92561872
2015-12-01	-0.006112	153.38	154.18	151.71	152.41	13436579
2015-11-30	0.013932	155.52	156.34	154.99	155.66	11227093
2015-11-27	-0.031474	150.62	150.78	149.94	151.66	42877726
2015-11-26	-0.001589	150.38	150.49	148.53	150.01	48150105
2015-11-25	0.014155	152.51	152.66	152.04	152.83	5016693
2015-11-24	0.040200	158.64	160.32	158.03	160.40	44200402
2015-11-23	-0.005810	157.72	158.55	155.12	158.08	38079154
2015-11-20	-0.019337	154.67	155.27	152.50	154.88	4591758
2015-11-19	-0.016338	152.15	152.73	150.06	153.33	93626342
2015-11-18	0.029472	156.63	157.33	155.29	156.26	33252577
2015-11-17	-0.031505	151.69	152.69	149.70	152.73	5446677
2015-11-16	0.014703	153.93	155.17	153.18	153.05	28576177
2015-11-13	-0.013367	151.87	154.18	150.37	152.28	8299849
2015-11-12	0.021117	155.07	156.02	154.34	154.52	73733477
2015-11-11	-0.046706	147.83	149.40	145.38	147.05	53824696
2015-11-10	0.025072	151.54	152.30	151.21	151.92	24045609
2015-11-09	-0.001325	151.34	151.73	148.15	151.39	77646562
2015-11-06	0.002011	151.64	152.46	149.76	151.22	68086975
2015-11-05	-0.024765	147.89	149.50	147.33	148.73	12948033
2015-11-04	0.005594	148.71	150.57	148.62	148.57	94154598
2015-11-03	-0.066807	138.78	140.26	137.40	138.77	31260156
2015-11-02	0.044114	144.90	145.47	143.71	145.96	67572844
2015-10-30	0.008663	146.16	146.89	145.76	147.01	27803699
2015-10-29	-0.019559	143.30	145.83	142.74	143.27	60605803
2015-10-28	-0.026514	139.50	139.95	137.50	139.35	35593132
2015-10-27	0.002544	139.85	142.36	137.20	139.36	3146671
2015-10-26	0.018980	142.51	145.48	142.32	141.85	86230737
2015-10-23	0.014845	144.62	144.85	144.29	143.16	34463163
2015-10-22	0.026565	148.46	148.61	147.65	147.87	74671306
2015-10-21	-0.001932	148.18	150.60	146.83	149.37	84944063
2015-10-20	-0.049871	140.79	143.04	138.34	140.70	26767584
2015-10-19	-0.018155	138.23	138.64	136.36	137.95	76629701
2015-10-16	0.016282	140.48	141.09	139.38	140.59	69611407
2015-10-15	-0.000471	140.42	141.18	137.04	141.06	36607985
2015-10-14	-0.004102	139.84	141.20	138.13	141.63	88964318
2015-10-13	-0.004323	139.24	139.90	138.86	139.27	74449540
2015-10-12	-0.005381	138.49	139.89	137.20	137.40	21696906
2015-10-09	0.027660	142.32	142.48	142.19	141.75	77061569
2015-10-08	-0.007100	141.31	141.46	139.43	141.21	16472421
2015-10-07	0.020766	144.24	145.72	142.50	144.63	26210838
2015-10-06	0.006804	145.22	146.09	145.02	145.85	93208319
2015-10-05	0.005695	146.05	146.06	144.28	144.60	78765975
2015-10-02	0.033521	150.95	151.43	150.01	151.23	34497858
2015-10-01	-0.027543	146.79	149.88	146.12	146.52	64474373
2015-09-30	-0.044278	140.29	141.17	138.62	139.86	37797402
2015-09-29	0.031192	144.66	145.43	144.35	145.30	29452474
2015-09-28	-0.004079	144.07	146.01	143.65	143.89	48022614
2015-09-25	0.012331	145.85	147.75	144.79	146.00	86497979
2015-09-24	0.012538	147.68	148.21	145.08	147.48	71018193
2015-09-23	-0.006934	146.66	146.87	145.27	145.50	17064537
2015-09-22	0.022379	149.94	150.50	149.00	151.10	68818650
2015-09-21	0.005743	150.80	151.80	150.37	149.81	7716817
2015-09-18	-0.026248	146.84	148.92	145.61	147.44	79488351
2015-09-17	0.000898	146.97	147.72	145.95	146.97	45712414
2015-09-16	-0.020163	144.01	144.79	141.23	145.14	7650207
2015-09-15	-0.010349	142.52	142.52	141.68	142.54	13981012
2015-09-14	0.037410	147.85	149.99	146.91	148.12	71645524
2015-09-11	0.022350	151.15	151.53	150.38	151.95	39991632
2015-09-10	0.023981	154.78	155.44	151.43	154.24	33327792
2015-09-09	-0.013708	152.66	152.71	152.34	150.84	82908875
2015-09-08	-0.024577	148.91	149.74	147.35	148.63	54217447
2015-09-07	0.029852	153.35	154.09	150.67	153.36	34696817
2015-09-04	-0.021201	150.10	150.61	149.74	149.72	44307781
2015-09-03	0.028121	154.32	154.76	153.54	153.89	4597160
2015-09-02	0.023507	157.95	159.18	155.34	158.66	3371142
2015-09-01	0.023751	161.70	163.05	160.97	161.81	63154364
2015-08-31	-0.036301	155.83	158.82	154.54	156.41	67393246
2015-08-28	-0.019298	152.82	152.99	152.41	151.90	17640378
2015-08-27	-0.029379	148.33	151.31	146.27	148.60	87170230
2015-08-26	-0.005397	147.53	148.59	146.89	148.45	92847173
2015-08-25	-0.003647	146.99	149.30	146.42	147.31	56774377
2015-08-24	-0.021922	143.77	144.06	141.54	143.51	27836119
2015-08-21	-0.030254	139.42	140.70	137.44	139.53	48036728
2015-08-20	0.033094	144.04	145.47	143.56	144.67	22681647
2015-08-19	0.015857	146.32	148.15	146.18	147.06	85338801
2015-08-18	0.012186	148.10	148.95	146.23	148.18	17224149
2015-08-17	0.007889	149.27	149.85	147.55	150.31	54834511
2015-08-14	0.010306	150.81	153.56	148.89	151.71	96677295
2015-08-13	-0.021989	147.49	147.69	145.07	147.53	67382819
2015-08-12	-0.015804	145.16	147.03	142.61	144.46	92287191
2015-08-11	0.008946	146.46	148.10	145.25	146.35	3615492
2015-08-10	-0.036518	141.11	143.45	141.08	140.24	75046590
2015-08-07	-0.007218	140.09	140.69	140.08	140.05	24066729
2015-08-06	0.018666	142.71	143.14	142.67	142.12	65196871
2015-08-05	-0.030269	138.39	141.25	138.37	138.49	77817477
2015-08-04	-0.012494	136.66	140.07	136.09	136.74	93166958
2015-08-03	-0.026525	133.04	134.08	131.97	133.16	12774610
2015-07-31	-0.000952	132.91	134.72	131.51	132.31	90226715
2015-07-30	0.024096	136.11	139.72	132.14	137.13	28889076
2015-07-29	-0.013654	134.25	135.26	132.38	134.50	44373015
2015-07-28	-0.001605	134.04	135.42	133.47	133.09	43509665
2015-07-27	-0.002764	133.67	134.52	132.24	132.74	11364885
2015-07-24	0.010759	135.11	135.63	133.31	134.47	77319033
2015-07-23	-0.005483	134.37	135.23	131.44	134.66	56376284
2015-07-22	-0.019874	131.69	132.16	129.96	132.48	82484185
2015-07-21	-0.007837	130.66	131.24	127.64	131.96	21924057
2015-07-20	-0.018768	128.21	132.07	127.94	127.47	77906659
2015-07-17	0.012785	129.85	130.13	128.63	129.09	68804961
2015-07-16	-0.012798	128.19	128.94	127.96	127.37	46834119
2015-07-15	0.015251	130.14	132.13	128.03	129.75	12719078
2015-07-14	0.028994	133.92	135.01	133.11	134.35	26486076
2015-07-13	-0.005939	133.12	133.63	132.80	133.62	12236915
2015-07-10	0.025202	136.48	138.34	135.63	137.74	78571718
2015-07-09	-0.003357	136.02	136.74	135.19	136.02	92317275
2015-07-08	0.005274	136.73	138.59	136.07	136.57	85059675
2015-07-07	0.016499	138.99	141.20	138.38	139.34	84142900
2015-07-06	-0.001614	138.77	139.82	138.52	138.09	19283099
2015-07-03	0.010155	140.18	140.21	139.50	139.94	7003933
2015-07-02	-0.015514	138.00	138.28	137.56	137.39	24776233
2015-07-01	0.005452	138.75	139.45	138.09	139.28	80772709
2015-06-30	0.025888	142.35	142.41	141.28	142.94	76142578
2015-06-29	-0.030965	137.94	140.30	137.59	138.03	67558329
2015-06-26	0.004936	138.62	139.73	138.14	138.59	14254320
2015-06-25	-0.007873	137.53	138.81	136.92	138.59	83533699
2015-06-24	0.005323	138.26	138.37	137.61	137.94	62482544
2015-06-23	0.008453	139.43	139.91	139.19	139.72	75962392
2015-06-22	-0.002746	139.04	139.80	138.50	139.89	48137555
2015-06-19	0.006676	139.97	142.99	139.78	140.32	55749293
2015-06-18	0.016826	142.33	143.55	142.22	142.56	59727424
2015-06-17	0.012527	144.11	145.24	142.60	145.01	82534216
2015-06-16	-0.018435	141.45	143.90	141.02	140.34	45066966
2015-06-15	0.002251	141.77	141.94	139.48	141.69	92611585
2015-06-12	0.052126	149.16	149.96	146.63	149.09	73986858
2015-06-11	0.010940	150.79	152.25	149.65	150.52	78708587
2015-06-10	-0.038335	145.01	147.72	143.80	145.10	7070605
2015-06-09	-0.000214	144.98	145.41	140.96	145.66	31760737
2015-06-08	-0.005231	144.22	146.26	141.67	144.45	79276838
2015-06-05	0.040747	150.10	151.13	149.82	150.05	85275060
2015-06-04	0.024373	153.76	156.05	152.80	152.99	58672769
2015-06-03	-0.008959	152.38	152.74	151.50	151.41	83775993
2015-06-02	0.000277	152.42	152.57	150.86	153.24	81853363
2015-06-01	-0.001689	152.17	152.55	148.71	151.35	3745424
2015-05-29	-0.012595	150.25	152.88	150.20	149.87	21485458
2015-05-28	-0.018602	147.46	148.42	146.84	148.63	9632576
2015-05-27	-0.021470	144.29	146.16	143.86	144.43	72644818
2015-05-26	-0.015038	142.12	143.31	141.90	142.24	39853676
2015-05-25	0.000461	142.19	142.30	142.05	142.47	15019905
2015-05-22	0.005705	143.00	144.91	141.52	142.41	85994080
2015-05-21	-0.042487	136.92	138.49	136.55	137.14	48141709
2015-05-20	-0.000618	136.84	137.52	136.27	137.33	55374058
2015-05-19	0.030351	140.99	142.60	140.39	140.36	3569467
2015-05-18	0.018660	143.62	145.03	142.91	144.11	32078147
2015-05-15	-0.003163	143.17	143.33	142.78	143.99	48643971
2015-05-14	-0.038380	137.67	138.03	136.48	138.96	83121419
2015-05-13	-0.018622	135.11	137.59	134.50	133.09	24682651
2015-05-12	-0.010706	133.66	134.25	132.50	134.34	19414620
2015-05-11	0.026557	137.21	138.45	135.17	136.84	34002482
2015-05-08	-0.020652	134.38	135.94	132.46	134.32	74172821
2015-05-07	-0.004861	133.72	134.76	132.41	133.31	81490978
2015-05-06	-0.005793	132.95	133.16	130.75	133.36	40438784
2015-05-05	0.038608	138.08	138.28	135.84	137.58	49420959
2015-05-04	-0.013189	136.26	136.87	134.93	136.63	25235300
2015-05-01	0.001163	136.42	139.41	136.34	136.59	7882299
2015-04-30	-0.031070	132.18	132.22	132.00	131.15	46890497
2015-04-29	0.008206	133.27	134.37	132.18	133.61	16639778
2015-04-28	-0.046655	127.05	127.48	126.48	127.14	71896995
2015-04-27	0.007761	128.03	128.39	127.14	127.27	18764663
2015-04-24	-0.002631	127.70	127.97	126.41	127.82	27520239
2015-04-23	-0.001201	127.54	127.69	127.32	127.53	15931692
2015-04-22	-0.006027	126.78	126.99	126.09	127.96	47106757
2015-04-21	0.011026	128.17	129.48	127.66	127.99	35647851
2015-04-20	-0.022415	125.30	126.17	123.59	123.89	37589048
2015-04-17	-0.021240	122.64	123.11	121.04	122.00	69455983
2015-04-16	-0.007809	121.68	122.05	121.54	120.93	35709872
2015-04-15	0.012207	123.17	123.44	122.97	123.99	32191638
2015-04-14	0.031158	127.00	128.49	126.24	126.52	47690743
2015-04-13	-0.015374	125.05	126.71	124.58	126.08	29370992
2015-04-10	0.011966	126.55	127.00	125.86	126.86	77025755
2015-04-09	0.009719	127.78	127.82	127.18	126.48	43322658
2015-04-08	0.013843	129.55	130.51	129.42	130.99	42214274
2015-04-07	-0.006253	128.74	129.46	126.80	129.54	95785642
2015-04-06	0.013816	130.52	131.52	130.23	130.65	67804094
2015-04-03	0.000108	130.53	131.82	130.20	130.80	48622385
2015-04-02	0.007178	131.47	131.92	129.29	130.89	48074056
2015-04-01	0.028415	135.20	135.24	135.20	136.30	68905372
2015-03-31	-0.019456	132.57	132.81	132.42	133.04	80806226
2015-03-30	-0.056235	125.12	125.17	124.19	125.19	73642804
2015-03-27	0.007429	126.05	127.08	125.65	125.12	65437947
2015-03-26	0.012128	127.57	129.31	126.66	127.48	82103576
2015-03-25	0.030088	131.41	131.85	130.82	130.35	82416866
2015-03-24	0.013162	133.14	134.69	132.37	133.08	72444343
2015-03-23	0.014842	135.12	135.26	134.61	134.20	52146251
2015-03-20	0.009514	136.40	139.23	134.67	135.79	44919405
2015-03-19	0.014978	138.45	140.69	137.51	137.36	81123188
2015-03-18	0.013833	140.36	141.41	139.20	139.47	54219182
2015-03-17	-0.004924	139.67	141.40	138.27	139.51	41717774
2015-03-16	-0.016665	137.34	139.00	136.51	137.93	36680878
2015-03-13	0.019005	139.95	140.11	139.84	139.98	54585837
2015-03-12	-0.018314	137.39	137.78	136.68	137.69	8528495
2015-03-11	-0.003994	136.84	139.10	135.48	136.56	40177982
2015-03-10	0.024199	140.15	142.17	138.32	140.08	6003959
2015-03-09	-0.027713	136.27	138.00	133.44	136.21	48256775
2015-03-06	0.025298	139.72	141.75	138.83	139.56	7451533
2015-03-05	0.023442	142.99	143.39	141.45	142.10	85478217
2015-03-04	0.017138	145.44	145.96	143.02	145.16	46453642
2015-03-03	0.022988	148.79	150.30	146.78	148.68	87627805
2015-03-02	-0.002408	148.43	149.80	147.01	149.16	70488906
2015-02-27	-0.016861	145.93	147.36	144.52	146.49	72439350
2015-02-26	-0.000789	145.81	148.06	145.11	145.30	8663656
2015-02-25	0.013490	147.78	149.76	145.97	147.68	35210969
2015-02-24	0.025895	151.60	153.63	149.08	152.68	85259064
2015-02-23	-0.003150	151.13	152.26	149.82	150.93	21365009
2015-02-20	-0.018340	148.35	148.36	147.67	149.50	54291232
2015-02-19	0.007620	149.48	151.07	148.61	149.41	56292610
2015-02-18	0.011501	151.20	151.80	148.07	151.64	53710958
2015-02-17	-0.023802	147.61	148.40	146.36	146.31	5414857
2015-02-16	0.000226	147.64	150.45	146.61	147.01	44059430
2015-02-13	-0.027681	143.55	146.32	142.57	144.66	86454029
2015-02-12	0.002126	143.86	145.39	143.82	144.17	79702655
2015-02-11	0.011705	145.54	146.54	143.03	145.47	47280833
2015-02-10	0.024841	149.16	149.97	147.88	149.54	14540175
2015-02-09	0.030223	153.66	155.08	153.05	153.71	70221689
2015-02-06	0.002634	154.07	154.61	153.31	154.16	57500946
2015-02-05	0.005371	154.90	156.27	152.71	153.59	47131110
2015-02-04	0.026465	159.00	160.52	157.98	159.64	67261060
2015-02-03	-0.004447	158.29	159.12	157.54	156.76	25000393
2015-02-02	0.005671	159.19	159.37	158.32	158.63	69665086
2015-01-30	0.041740	165.83	165.93	164.01	167.48	69027079
2015-01-29	-0.016776	163.05	163.33	160.48	163.25	18644767
2015-01-28	0.000805	163.18	163.33	162.79	162.99	26082403
2015-01-27	-0.006935	162.05	163.65	161.74	162.40	35826849
2015-01-26	-0.004720	161.28	162.62	159.87	161.36	31685946
2015-01-23	0.006215	162.29	163.40	162.05	161.58	82958560
2015-01-22	-0.006358	161.25	162.44	160.11	161.36	38414338
2015-01-21	0.002708	161.69	162.47	159.16	161.57	56062217
2015-01-20	-0.005748	160.76	161.39	156.08	160.43	5968937
2015-01-19	-0.027527	156.34	156.50	155.20	156.90	45552548
2015-01-16	0.004336	157.01	157.47	153.89	157.73	27090890
2015-01-15	-0.042047	150.41	151.42	150.11	151.58	41154660
2015-01-14	-0.000690	150.31	152.44	149.11	151.49	31075619
2015-01-13	0.052658	158.22	158.98	155.54	159.40	23444125
2015-01-12	0.007699	159.44	160.02	158.20	159.96	37633849
2015-01-09	-0.000703	159.33	161.99	158.13	159.27	35455924
2015-01-08	-0.020468	156.07	157.04	154.52	156.64	79128155
2015-01-07	0.035624	161.63	162.03	161.25	162.25	82747337
2015-01-06	0.001918	161.94	166.83	161.57	162.25	67225579
2015-01-05	-0.003827	161.32	162.96	159.89	160.36	23890743
2015-01-02	-0.056300	152.24	152.67	151.89	152.53	25253654
2015-01-01	0.035219	157.60	157.72	155.05	156.92	71889400
2014-12-31	-0.009001	156.18	157.39	154.83	154.69	26161580
2014-12-30	-0.001653	155.92	159.31	155.81	156.67	7863096
2014-12-29	-0.011347	154.15	155.81	152.98	153.43	58389932
2014-12-26	0.018527	157.01	157.60	154.21	155.86	41741785
2014-12-25	-0.016037	154.49	155.66	153.27	154.29	74997285
2014-12-24	-0.004123	153.85	154.68	152.15	152.94	78923747
2014-12-23	-0.041938	147.40	147.72	143.17	147.65	23559442
2014-12-22	-0.015593	145.10	147.56	143.21	144.80	18952921
2014-12-19	0.006591	146.06	148.49	144.89	147.44	74331454
2014-12-18	-0.001558	145.83	147.69	144.25	145.42	2752076
2014-12-17	-0.031991	141.17	141.22	139.84	140.86	73055354
2014-12-16	-0.009630	139.81	140.03	136.75	139.48	24681934
2014-12-15	-0.010486	138.34	138.63	136.53	137.99	23949835
2014-12-12	0.003800	138.87	140.58	138.52	138.88	4570453
2014-12-11	0.018662	141.46	143.97	139.67	141.01	6341506
2014-12-10	-0.015367	139.28	141.32	138.95	139.95	48433548
2014-12-09	0.039963	144.85	146.76	144.80	145.17	2676091
2014-12-08	-0.004669	144.17	145.58	143.50	143.45	97533775
2014-12-05	0.002313	144.51	145.26	143.62	144.78	40819707
2014-12-04	0.036777	149.82	151.82	147.86	148.40	4228115
2014-12-03	-0.054925	141.59	143.90	139.79	140.36	87231817
2014-12-02	0.031092	145.99	146.70	145.42	144.89	79047164
2014-12-01	-0.012644	144.15	144.44	142.79	144.30	82949848
2014-11-28	0.024496	147.68	147.69	147.33	148.06	6790292
2014-11-27	0.000986	147.83	149.38	147.27	147.18	44267913
2014-11-26	0.007881	148.99	150.84	148.14	149.36	21123707
2014-11-25	0.030611	153.55	154.77	152.47	153.64	47049292
2014-11-24	0.006950	154.62	155.21	152.60	153.91	60634881
2014-11-21	0.016942	157.24	157.92	156.32	156.31	9152027
2014-11-20	-0.022937	153.63	154.88	152.77	153.95	31716059
2014-11-19	0.015638	156.03	156.40	154.99	156.97	72333415
2014-11-18	-0.010739	154.36	157.03	152.65	155.74	48706308
2014-11-17	0.008759	155.71	155.84	154.18	155.76	44397103
2014-11-14	0.055198	164.31	165.00	164.11	165.79	26003023
2014-11-13	0.020294	167.64	168.30	166.97	167.64	76105511
2014-11-12	-0.000418	167.57	168.47	167.39	167.67	35064158
2014-11-11	0.004418	168.31	170.19	167.49	167.96	56474146
2014-11-10	-0.006950	167.14	167.85	162.99	167.66	23523585
2014-11-07	0.038318	173.54	175.16	172.30	172.82	24508193
2014-11-06	-0.041212	166.39	166.80	165.25	167.06	82690490
2014-11-05	0.019409	169.62	170.38	167.47	169.92	44532925
2014-11-04	-0.008323	168.21	171.09	167.44	167.38	65161097
2014-11-03	-0.021699	164.56	164.92	164.42	163.98	70457607
2014-10-31	0.000546	164.65	165.09	163.98	165.97	86828334
2014-10-30	0.008063	165.98	166.17	165.74	166.52	71922178
2014-10-29	-0.016768	163.19	164.20	161.48	162.63	65970054
2014-10-28	-0.005328	162.32	164.76	161.13	162.34	92996693
2014-10-27	-0.004857	161.54	162.51	160.57	161.65	94341703
2014-10-24	-0.001201	161.34	162.59	158.70	160.65	4256663
2014-10-23	-0.040577	154.80	157.34	153.79	155.97	29685526
2014-10-22	0.010286	156.39	159.60	154.24	156.76	77099016
2014-10-21	-0.015530	153.96	154.68	150.52	154.12	95823081
2014-10-20	-0.006365	152.98	154.49	150.99	152.71	90886007
2014-10-17	-0.011245	151.26	151.81	150.95	151.95	52985533
2014-10-16	0.017615	153.92	154.55	152.31	152.67	18241706
2014-10-15	-0.020019	150.84	151.81	149.91	150.47	57292961
2014-10-14	-0.031522	146.09	146.75	145.64	145.93	53923880
2014-10-13	0.005902	146.95	147.95	145.16	146.54	64574905
2014-10-10	0.004057	147.55	147.93	147.40	147.42	55912761
2014-10-09	0.014383	149.67	152.07	149.23	148.18	8732393
2014-10-08	0.008324	150.91	150.94	148.87	150.50	7174839
2014-10-07	-0.006369	149.95	150.82	148.06	148.93	49858925
2014-10-06	-0.023467	146.43	147.56	145.33	146.26	42278361
2014-10-03	-0.025469	142.70	143.59	142.13	142.18	22795949
2014-10-02	0.018375	145.33	147.89	143.12	145.24	56474522
2014-10-01	0.004168	145.93	147.35	144.80	146.73	45672608
2014-09-30	0.029815	150.28	150.89	148.21	149.83	8943481
2014-09-29	-0.014454	148.11	148.26	147.97	148.55	31141061
2014-09-26	-0.014347	145.99	147.31	145.31	146.75	48943204
2014-09-25	-0.045524	139.34	139.60	138.51	139.42	62374603
2014-09-24	0.025874	142.94	144.24	137.58	143.02	14572058
2014-09-23	0.019869	145.79	147.00	143.21	144.82	8673366
2014-09-22	-0.002706	145.39	147.68	143.12	146.27	34455707
2014-09-19	0.025704	149.13	150.19	148.30	147.83	28354073
2014-09-18	0.004087	149.74	149.75	147.99	148.07	46736584
2014-09-17	-0.020272	146.70	149.26	145.12	146.57	29919931
2014-09-16	0.006944	147.72	148.39	146.96	147.85	72586558
2014-09-15	0.020744	150.78	151.45	150.33	150.53	9371494
2014-09-12	0.033449	155.83	156.27	155.75	155.61	9240844
2014-09-11	0.021361	159.16	160.58	156.13	160.18	4690268
2014-09-10	-0.006964	158.05	159.53	157.28	158.06	25867550
2014-09-09	-0.012490	156.07	158.49	153.16	155.50	74855199
2014-09-08	-0.028975	151.55	152.38	149.50	150.53	16136745
2014-09-05	-0.042706	145.08	145.68	144.89	146.17	88926866
2014-09-04	-0.006383	144.15	144.66	142.77	144.41	52430454
2014-09-03	-0.016914	141.72	141.75	140.65	142.68	29456541
2014-09-02	-0.002068	141.42	141.87	140.05	140.85	74486503
2014-09-01	-0.012518	139.65	140.88	135.56	138.85	98409257
2014-08-29	0.005303	140.39	141.26	139.79	140.40	73265755
2014-08-28	-0.011338	138.80	141.28	137.87	138.11	36283576
2014-08-27	0.023128	142.01	143.34	140.62	141.01	26256509
2014-08-26	0.031215	146.44	149.16	145.50	147.16	84262130
2014-08-25	0.000142	146.46	148.49	143.43	146.35	74493554
2014-08-22	0.025315	150.17	152.64	149.49	150.66	65801934
2014-08-21	-0.019271	147.28	148.15	146.31	146.11	20405668
2014-08-20	-0.022413	143.98	145.33	142.62	143.61	71192951
2014-08-19	-0.026993	140.09	140.32	139.67	140.02	40243712
2014-08-18	0.022370	143.23	143.67	141.93	142.98	85101990
2014-08-15	0.000147	143.25	143.31	142.30	143.82	70842454
2014-08-14	0.014900	145.38	147.46	143.86	145.54	94233001
2014-08-13	0.001528	145.60	146.80	143.53	147.47	31512493
2014-08-12	0.000031	145.61	145.72	144.41	144.09	18963740
2014-08-11	-0.018040	142.98	145.57	141.61	143.04	50898750
2014-08-08	0.021058	145.99	146.05	145.48	145.83	14543489
2014-08-07	-0.003530	145.48	145.96	143.21	145.51	71256948
2014-08-06	-0.000571	145.39	146.04	143.37	144.78	53275857
2014-08-05	0.012344	147.19	148.09	144.03	146.34	59245984
2014-08-04	0.014072	149.26	149.39	148.46	149.60	27106883
2014-08-01	-0.007125	148.20	151.07	148.14	148.84	91599645
2014-07-31	-0.005622	147.36	147.57	146.75	147.57	98288659
2014-07-30	-0.018644	144.61	146.02	143.91	145.32	77258762
2014-07-29	0.000550	144.69	144.78	144.43	144.52	12241190
2014-07-28	0.023600	148.11	148.27	146.00	146.93	39218527
2014-07-25	0.005885	148.98	150.25	145.16	148.08	99444464
2014-07-24	0.014494	151.14	153.07	149.71	149.67	64027551
2014-07-23	-0.021653	147.87	148.67	145.42	149.00	66560798
2014-07-22	0.018079	150.54	153.36	149.98	150.85	38581459
2014-07-21	-0.033149	145.55	147.34	144.02	144.86	70788543
2014-07-18	-0.019802	142.67	143.36	142.44	143.03	89097700
2014-07-17	-0.021800	139.56	142.09	139.08	140.01	93297215
2014-07-16	0.028658	143.56	144.06	143.46	144.23	2935356
2014-07-15	-0.022607	140.31	140.35	138.87	139.61	71520180
2014-07-14	0.016094	142.57	142.63	142.15	141.51	99812755
2014-07-11	-0.028781	138.47	139.52	137.71	138.24	25093846
2014-07-10	-0.018729	135.87	136.39	135.14	135.06	86770498
2014-07-09	-0.022433	132.83	133.71	131.38	132.58	19740912
2014-07-08	-0.002532	132.49	133.31	130.38	132.17	74599316
2014-07-07	0.008194	133.58	135.05	132.39	134.29	34352423
2014-07-04	-0.018029	131.17	132.57	130.21	131.45	9405920
2014-07-03	0.000054	131.17	133.52	129.17	129.92	86160904
2014-07-02	-0.015829	129.10	130.75	127.33	128.29	55242730
2014-07-01	-0.015846	127.05	127.26	126.33	127.28	73194795
2014-06-30	-0.023561	124.06	124.16	123.72	124.20	38762833
2014-06-27	-0.017458	121.89	122.58	121.37	121.19	38603380
2014-06-26	0.009754	123.08	123.53	122.95	123.63	61626670
2014-06-25	0.014569	124.87	127.46	124.81	125.43	28118448
2014-06-24	0.024434	127.93	128.55	125.96	127.64	72081315
2014-06-23	0.021491	130.68	131.98	129.30	131.38	49511619
2014-06-20	0.004756	131.30	131.69	129.20	131.59	31378323
2014-06-19	-0.013333	129.55	130.15	127.69	129.47	35935820
2014-06-18	-0.016732	127.38	127.62	126.44	127.06	81429747
2014-06-17	-0.001409	127.20	128.50	126.56	126.52	54001409
2014-06-16	-0.056238	120.05	120.45	119.77	120.58	93420123
2014-06-13	-0.004221	119.54	120.65	119.23	119.04	76380850
2014-06-12	-0.021205	117.00	117.98	115.28	116.43	14844261
2014-06-11	-0.035376	112.86	112.90	111.48	111.72	35381771
2014-06-10	-0.011627	111.55	111.78	110.69	111.51	49770953
2014-06-09	0.002448	111.83	113.44	110.86	111.83	40404161
2014-06-06	-0.008045	110.93	111.74	110.41	111.71	43124659
2014-06-05	0.031871	114.46	114.68	114.36	113.70	99826862
2014-06-04	-0.012823	112.99	114.54	112.16	112.85	2557594
2014-06-03	-0.018441	110.91	111.13	109.99	111.61	99391406
2014-06-02	0.016383	112.73	112.91	112.34	112.40	56112487
2014-05-30	0.002731	113.03	114.09	112.34	113.40	26269525
2014-05-29	0.061799	120.02	120.68	120.01	119.44	24672375
2014-05-28	-0.014743	118.25	118.31	117.15	119.58	98530220
2014-05-27	-0.006697	117.46	117.74	116.67	117.32	82336648
2014-05-26	0.001142	117.59	117.84	117.11	117.44	30761990
2014-05-23	0.013284	119.15	120.13	119.03	119.40	77791923
2014-05-22	0.041421	124.09	125.13	123.65	124.63	56846726
2014-05-21	-0.022924	121.25	122.68	118.11	120.83	16455827
2014-05-20	0.027478	124.58	125.64	122.11	125.75	37099697
2014-05-19	-0.007934	123.59	123.96	122.84	124.18	45294735
2014-05-16	-0.000427	123.54	123.64	122.34	123.46	16639149
2014-05-15	0.001127	123.68	123.70	122.35	124.96	34335614
2014-05-14	0.022806	126.50	128.12	124.45	126.34	73259038
2014-05-13	0.034269	130.83	131.80	130.82	131.63	60980635
2014-05-12	0.030328	134.80	134.85	133.43	134.95	87494818
2014-05-09	0.046232	141.03	142.69	139.47	140.64	31487116
2014-05-08	0.009735	142.40	142.70	141.05	142.57	76100741
2014-05-07	0.042085	148.40	149.56	147.67	148.33	83282076
2014-05-06	0.003917	148.98	150.36	148.88	148.34	70127019
2014-05-05	0.028942	153.29	156.23	153.25	153.05	26087502
2014-05-02	-0.000958	153.14	156.06	152.09	153.24	21119881
2014-05-01	0.003011	153.60	153.80	153.27	153.57	48967392
2014-04-30	-0.000913	153.46	154.00	151.75	152.59	89053530
2014-04-29	0.013207	155.49	156.23	154.06	155.69	40856262
2014-04-28	0.007848	156.71	157.85	155.35	157.62	86075656
2014-04-25	-0.028314	152.27	153.96	151.81	152.72	25273588
2014-04-24	-0.014382	150.08	150.65	149.39	149.99	23304010
2014-04-23	-0.022264	146.74	149.90	145.72	147.44	91239003
2014-04-22	0.038658	152.42	153.09	152.25	151.02	31377651
2014-04-21	0.009223	153.82	156.35	153.01	152.22	39891892
2014-04-18	0.048098	161.22	162.12	160.42	161.86	92065222
2014-04-17	-0.009331	159.71	160.73	158.20	159.51	62115564
2014-04-16	-0.002504	159.31	161.91	157.90	160.23	16827855
2014-04-15	-0.004643	158.58	158.70	156.92	157.97	32525900
2014-04-14	-0.012233	156.64	157.26	156.36	156.39	19546509
2014-04-11	-0.012933	154.61	155.81	153.80	154.67	79334121
2014-04-10	-0.020563	151.43	153.51	150.27	151.51	83105765
2014-04-09	-0.014283	149.27	151.91	148.52	150.67	88951015
2014-04-08	0.005352	150.07	151.99	148.25	150.80	54060742
2014-04-07	-0.036823	144.54	145.02	141.65	145.81	42170739
2014-04-04	-0.006780	143.56	144.17	143.38	143.28	81584770
2014-04-03	0.033184	148.32	150.53	147.38	149.36	7869644
2014-04-02	-0.018276	145.61	145.72	144.22	143.65	29872166
2014-04-01	-0.017066	143.13	143.52	142.86	143.88	23542374
2014-03-31	-0.021159	140.10	141.36	139.62	138.99	92112148
2014-03-28	0.001290	140.28	141.89	139.81	140.40	58580843
2014-03-27	0.026118	143.94	145.47	141.94	143.91	76450566
2014-03-26	-0.025583	140.26	143.22	137.79	140.86	37167244
2014-03-25	-0.019182	137.57	138.72	135.67	137.63	86153439
2014-03-24	0.005738	138.36	138.41	136.02	136.92	93176920
2014-03-21	0.034889	143.19	147.36	142.70	142.68	69530389
2014-03-20	0.007910	144.32	144.77	142.66	144.67	72919076
2014-03-19	0.013037	146.20	147.15	145.13	145.00	96363581
2014-03-18	-0.024124	142.68	143.59	142.49	142.71	71821166
2014-03-17	0.001731	142.92	143.89	141.29	141.99	50224431
2014-03-14	-0.028204	138.89	139.64	138.47	137.93	18074772
2014-03-13	0.001274	139.07	139.66	137.91	139.04	83246685
2014-03-12	-0.005321	138.33	139.83	137.50	137.10	36551593
2014-03-11	0.005779	139.13	139.32	139.00	139.75	59600301
2014-03-10	0.040851	144.81	144.93	143.51	145.39	79840015
2014-03-07	-0.012069	143.06	144.19	140.02	142.48	90875562
2014-03-06	-0.022885	139.79	142.20	139.32	140.03	31842910
2014-03-05	0.033641	144.49	146.04	143.67	144.39	67497569
2014-03-04	-0.000588	144.41	144.82	142.13	143.75	26661775
2014-03-03	0.011801	146.11	148.39	145.53	144.75	22861834
2014-02-28	-0.013367	144.16	146.49	142.25	143.81	81521215
2014-02-27	-0.031061	139.68	139.76	138.65	139.06	57282407
2014-02-26	0.050984	146.80	147.39	143.11	145.97	17987427
2014-02-25	0.012801	148.68	150.00	146.70	148.74	32990849
2014-02-24	0.002896	149.11	152.04	148.71	149.86	18845715
2014-02-21	-0.017716	146.47	147.08	144.86	146.79	92988178
2014-02-20	-0.008263	145.26	146.01	144.02	145.73	73106198
2014-02-19	0.033104	150.07	150.40	148.70	150.01	48288661
2014-02-18	0.016555	152.55	154.70	151.11	152.57	21566559
2014-02-17	0.016479	155.07	155.99	153.21	155.35	37581865
2014-02-14	0.027698	159.36	160.04	158.92	159.99	4147560
2014-02-13	0.038586	165.51	167.07	165.29	164.68	10567798
2014-02-12	-0.036087	159.54	160.93	158.08	160.66	18251855
2014-02-11	0.025285	163.57	164.58	163.08	162.88	91086982
2014-02-10	-0.020669	160.19	162.23	159.88	159.90	91697412
2014-02-07	-0.030655	155.28	156.28	155.03	154.54	78345960
2014-02-06	0.023040	158.86	160.64	158.47	157.59	18105240
2014-02-05	0.005864	159.79	160.29	159.45	160.01	23749186
2014-02-04	0.001140	159.97	160.46	155.68	158.89	66447808
2014-02-03	0.005842	160.91	161.18	160.34	160.89	54423780
2014-01-31	-0.020753	157.57	157.60	155.67	156.59	63958751
2014-01-30	-0.023569	153.85	155.96	152.53	155.03	78950623
2014-01-29	-0.017712	151.13	152.25	149.63	151.87	96493586
2014-01-28	-0.004366	150.47	151.06	149.25	150.04	66293459
2014-01-27	0.039341	156.39	157.48	156.20	156.16	48179641
2014-01-24	0.013030	158.43	159.77	156.38	159.46	46287610
2014-01-23	0.012244	160.37	160.85	159.27	161.02	25597999
2014-01-22	-0.018223	157.44	157.46	156.59	157.57	92455368
2014-01-21	-0.020599	154.20	154.70	153.38	153.93	54014271
2014-01-20	-0.016350	151.68	154.02	150.82	151.86	69115645
2014-01-17	-0.003312	151.18	151.84	151.00	150.71	74662792
2014-01-16	0.046548	158.21	160.94	156.87	158.20	7718093
2014-01-15	-0.033137	152.97	154.17	152.59	152.37	77382349
2014-01-14	-0.047786	145.66	146.20	143.14	145.14	2902148
2014-01-13	0.025491	149.37	149.98	147.78	148.60	17013854
2014-01-10	0.007437	150.48	151.28	149.29	150.94	80039361
2014-01-09	0.006081	151.40	152.00	151.22	150.03	24559379
2014-01-08	-0.015620	149.03	149.27	148.57	148.22	98755758
2014-01-07	-0.011632	147.30	150.55	145.05	148.00	53910398
2014-01-06	-0.031416	142.67	144.42	142.02	142.78	74984974
2014-01-03	-0.021359	139.63	140.19	139.56	140.18	36139414
2014-01-02	0.005471	140.39	143.01	138.94	140.77	48678363
