2016-01-01	-0.000796	207.52	209.17	206.05	208.87	75864685
2015-12-31	-0.024253	202.48	202.62	202.42	203.23	19671003
2015-12-30	0.046422	211.88	212.65	208.96	212.67	18200344
2015-12-29	0.035374	219.38	219.97	218.33	220.55	89932646
2015-12-28	-0.003516	218.61	221.20	218.19	218.83	94494419
2015-12-25	0.010244	220.85	221.60	218.27	221.47	18967820
2015-12-24	0.009725	222.99	223.14	222.62	221.83	90996523
2015-12-23	-0.010852	220.57	222.38	220.46	220.90	86869519
2015-12-22	0.011949	223.21	223.82	219.73	222.50	23069122
2015-12-21	0.010677	225.59	228.32	224.70	225.68	76847162
2015-12-18	-0.020238	221.03	223.61	220.03	219.47	18290104
2015-12-17	0.023578	226.24	226.67	225.05	226.30	94398057
2015-12-16	-0.019334	221.86	222.45	218.48	220.51	67594513
2015-12-15	0.043237	231.46	232.11	229.04	231.72	70766263
2015-12-14	-0.008356	229.52	229.71	228.16	229.00	26042077
2015-12-11	-0.009939	227.24	227.72	225.14	226.60	55171678
2015-12-10	0.033763	234.91	236.87	229.83	233.82	1742001
2015-12-09	-0.047267	223.81	226.24	219.97	223.86	19831266
2015-12-08	0.027249	229.91	233.51	229.57	229.61	69217286
2015-12-07	-0.009611	227.70	228.33	225.66	225.82	24903491
2015-12-04	-0.022631	222.55	222.92	221.90	223.42	28559774
2015-12-03	-0.004429	221.56	223.45	219.32	221.03	94218348
2015-12-02	-0.008782	219.61	221.02	217.52	219.67	98654003
2015-12-01	0.028551	225.88	228.32	222.50	225.44	34366803
2015-11-30	0.006367	227.32	229.05	224.18	227.79	78711379
2015-11-27	0.037438	235.83	236.51	233.48	235.34	2798600
2015-11-26	-0.002457	235.25	236.04	235.25	236.25	62009862
2015-11-25	-0.012340	232.35	236.75	231.82	231.38	52965190
2015-11-24	0.000597	232.49	233.95	230.30	231.29	58550698
2015-11-23	-0.036786	223.94	229.26	221.73	222.38	83052590
2015-11-20	-0.022058	219.00	220.42	218.69	219.60	75992660
2015-11-19	-0.008974	217.03	221.67	215.29	217.09	93385401
2015-11-18	-0.015237	213.73	217.39	211.74	215.03	59480922
2015-11-17	-0.002983	213.09	213.38	211.08	213.92	48765035
2015-11-16	-0.012578	210.41	211.19	209.91	209.26	83493350
2015-11-13	-0.002749	209.83	214.73	208.97	211.35	40167123
2015-11-12	-0.018230	206.00	206.85	203.14	206.43	24905329
2015-11-11	-0.005674	204.84	205.46	204.63	204.68	34391019
2015-11-10	0.016790	208.27	209.80	207.14	208.12	47102621
2015-11-09	-0.016564	204.82	205.46	204.21	204.17	61260965
2015-11-06	0.025203	209.99	211.63	208.97	211.92	17979664
2015-11-05	0.032851	216.89	217.48	216.45	219.16	15484132
2015-11-04	-0.013156	214.03	214.66	212.48	213.41	57664626
2015-11-03	-0.037382	206.03	209.61	203.90	206.37	11494288
2015-11-02	-0.002232	205.57	208.84	204.06	207.09	86423612
2015-10-30	0.024896	210.69	213.33	210.41	211.01	72855355
2015-10-29	0.000719	210.84	211.52	208.80	210.46	75497890
2015-10-28	-0.005757	209.63	212.82	206.13	210.06	15873466
2015-10-27	0.028645	215.63	215.70	213.23	216.38	4366982
2015-10-26	-0.026853	209.84	209.85	208.48	210.78	65622397
2015-10-23	-0.011515	207.42	209.31	205.29	208.82	47003211
2015-10-22	0.029673	213.58	213.69	212.73	214.91	9359381
2015-10-21	0.036639	221.41	225.96	218.73	220.62	75100041
2015-10-20	0.028494	227.71	229.75	226.89	228.25	6562556
2015-10-19	-0.036155	219.48	221.49	219.36	219.41	41701604
2015-10-16	-0.030880	212.70	213.68	212.27	212.88	44752645
2015-10-15	-0.002940	212.08	213.01	209.56	210.68	51906876
2015-10-14	-0.009764	210.01	211.67	205.33	210.07	24383994
2015-10-13	-0.002605	209.46	212.26	206.54	208.81	1410534
2015-10-12	0.002369	209.96	210.92	208.58	208.22	23385687
2015-10-09	-0.045037	200.50	203.93	199.23	199.71	69249517
2015-10-08	0.006801	201.86	203.30	199.89	202.18	97929282
2015-10-07	-0.031917	195.42	195.87	195.24	194.12	15797562
2015-10-06	0.002831	195.97	197.57	195.75	196.20	31210154
2015-10-05	-0.003716	195.25	196.67	194.38	197.83	94606538
2015-10-02	-0.007606	193.76	195.99	193.69	192.66	81369383
2015-10-01	-0.027777	188.38	189.77	188.32	187.73	13982487
2015-09-30	0.004260	189.18	189.73	187.55	188.89	45206727
2015-09-29	0.017349	192.46	195.07	191.42	192.41	62964359
2015-09-28	-0.007389	191.04	191.11	189.37	191.37	71219458
2015-09-25	-0.012691	188.62	191.44	188.34	189.71	3506962
2015-09-24	-0.016418	185.52	187.90	185.51	185.51	29166400
2015-09-23	0.059036	196.47	198.59	195.28	195.54	52665479
2015-09-22	0.002455	196.96	197.21	194.33	196.41	13045733
2015-09-21	0.013843	199.68	201.08	195.52	200.26	86250189
2015-09-18	-0.007944	198.10	199.96	196.42	198.68	14167748
2015-09-17	0.002679	198.63	200.62	198.27	198.20	22728510
2015-09-16	0.002229	199.07	200.89	198.63	200.37	93769981
2015-09-15	-0.004120	198.25	199.49	196.29	200.04	31296991
2015-09-14	-0.037545	190.81	192.29	189.39	190.42	73370763
2015-09-11	-0.014182	188.10	188.64	187.98	189.07	37639470
2015-09-10	-0.013058	185.64	186.06	184.89	185.55	18675108
2015-09-09	0.000182	185.68	189.10	181.88	188.12	24229831
2015-09-08	-0.007590	184.27	186.36	181.44	184.96	68281581
2015-09-07	-0.067545	171.82	172.96	170.92	171.22	49829763
2015-09-04	-0.004473	171.05	173.14	170.84	170.32	66185681
2015-09-03	-0.041821	163.90	164.04	162.34	163.62	11418094
2015-09-02	0.006509	164.97	165.12	163.49	164.64	33894595
2015-09-01	-0.011618	163.05	163.65	161.71	162.24	29331149
2015-08-31	0.025386	167.19	168.84	166.68	166.38	88530541
2015-08-28	-0.015642	164.57	165.58	162.73	164.17	26817844
2015-08-27	0.019181	167.73	169.26	166.24	167.63	15276971
2015-08-26	0.030269	172.81	173.64	172.00	173.54	32331155
2015-08-25	0.006163	173.87	174.03	170.95	174.06	7210225
2015-08-24	-0.023239	169.83	171.68	169.81	170.39	87650781
2015-08-21	0.008583	171.29	172.50	170.91	172.35	77028289
2015-08-20	-0.006208	170.23	174.05	168.35	170.19	1424239
2015-08-19	-0.012417	168.11	169.05	166.65	167.28	42614745
2015-08-18	-0.009715	166.48	167.82	161.33	168.12	50329248
2015-08-17	-0.024492	162.40	163.19	161.83	163.33	54369103
2015-08-14	-0.003798	161.78	163.44	160.68	160.64	62928957
2015-08-13	0.039198	168.13	168.35	167.88	167.42	89835250
2015-08-12	-0.035994	162.07	163.42	160.67	162.39	40091823
2015-08-11	0.021659	165.58	166.36	164.98	166.24	42947165
2015-08-10	0.039987	172.21	177.26	171.98	171.33	66413338
2015-08-07	0.022200	176.03	176.37	175.56	175.64	7468911
2015-08-06	-0.016183	173.18	176.24	170.96	172.34	68529894
2015-08-05	-0.036391	166.88	168.13	166.65	166.01	43214568
2015-08-04	0.003683	167.49	171.56	166.33	167.41	40715925
2015-08-03	0.018491	170.59	173.15	168.05	172.14	32501446
2015-07-31	0.001880	170.91	172.84	170.05	170.94	21616468
2015-07-30	0.034444	176.80	178.76	176.11	176.67	97011401
2015-07-29	0.005514	177.77	178.97	174.72	176.98	96459421
2015-07-28	0.014003	180.26	180.93	178.59	181.29	8106208
2015-07-27	-0.005277	179.31	180.00	178.93	179.82	17887305
2015-07-24	-0.017590	176.16	178.23	175.15	176.40	17010609
2015-07-23	-0.012968	173.87	176.21	173.01	173.60	14934750
2015-07-22	0.008819	175.41	178.96	173.93	174.63	99111806
2015-07-21	0.023116	179.46	181.50	176.90	179.86	75187902
2015-07-20	0.006315	180.59	180.72	178.85	181.67	62281511
2015-07-17	0.018470	183.93	184.10	182.65	182.62	48949627
2015-07-16	0.022383	188.05	188.75	186.37	186.68	57044809
2015-07-15	-0.003678	187.35	189.61	184.64	188.09	32949894
2015-07-14	-0.032868	181.20	182.73	178.69	181.91	71019030
2015-07-13	-0.023964	176.85	176.97	176.02	176.01	80244569
2015-07-10	-0.004449	176.07	177.68	171.95	176.42	69778123
2015-07-09	-0.003616	175.43	177.43	174.73	175.82	80714680
2015-07-08	0.001863	175.76	177.93	174.83	175.37	69051499
2015-07-07	0.013054	178.05	179.94	175.02	177.96	70748867
2015-07-06	0.041723	185.48	187.30	183.86	185.65	6011314
2015-07-03	-0.004907	184.57	186.71	181.84	182.96	37087527
2015-07-02	0.005198	185.53	187.21	184.84	184.99	47517218
2015-07-01	-0.010710	183.54	184.04	182.85	184.40	43152304
2015-06-30	-0.022149	179.48	182.34	177.66	180.50	95257182
2015-06-29	-0.021073	175.70	176.87	174.30	176.61	87599817
2015-06-26	-0.006547	174.54	174.82	172.31	175.66	82397802
2015-06-25	0.013076	176.83	180.91	175.99	176.09	32292328
2015-06-24	-0.027066	172.04	174.20	171.83	172.63	12773595
2015-06-23	-0.011367	170.09	172.00	169.08	169.67	77383766
2015-06-22	-0.015292	167.48	169.62	165.38	167.08	29563747
2015-06-19	-0.002154	167.12	168.61	165.75	166.48	75123759
2015-06-18	0.034921	172.96	174.00	171.80	170.65	67716539
2015-06-17	-0.006386	171.86	172.00	169.98	171.21	46227419
2015-06-16	-0.009117	170.29	170.78	169.37	171.61	42285605
2015-06-15	0.018367	173.42	175.97	172.01	173.82	3082056
2015-06-12	0.001163	173.62	175.44	172.99	174.55	7287716
2015-06-11	0.030782	178.96	182.00	178.29	179.28	23669051
2015-06-10	0.010068	180.76	182.17	180.57	182.25	40712800
2015-06-09	0.005832	181.82	182.83	177.21	182.32	64169929
2015-06-08	0.024499	186.27	187.48	184.62	186.98	77058952
2015-06-05	-0.042805	178.30	179.67	177.26	178.45	61576213
2015-06-04	-0.015871	175.47	175.96	174.39	174.73	34828582
2015-06-03	0.011918	177.56	181.27	177.03	177.14	63572709
2015-06-02	0.017800	180.72	182.46	176.73	180.25	95638302
2015-06-01	0.019965	184.33	184.71	182.49	183.44	45647359
2015-05-29	0.008164	185.83	186.77	185.56	184.89	13171909
2015-05-28	0.029134	191.25	191.48	190.48	191.88	13791630
2015-05-27	-0.006853	189.94	191.66	188.52	188.71	27285002
2015-05-26	-0.018434	186.44	187.01	184.95	186.00	78076336
2015-05-25	-0.017855	183.11	185.78	182.23	182.50	64553067
2015-05-22	-0.001395	182.85	183.21	180.51	182.73	86290465
2015-05-21	0.012575	185.15	187.16	183.01	184.55	94131667
2015-05-20	-0.015170	182.34	183.56	180.77	182.81	49430638
2015-05-19	0.005763	183.39	185.31	182.11	183.65	35806411
2015-05-18	0.010289	185.28	185.90	183.91	185.56	95117025
2015-05-15	-0.017817	181.98	182.49	179.58	182.51	56547822
2015-05-14	0.040857	189.41	191.75	185.97	188.77	76397776
2015-05-13	-0.006725	188.14	188.41	187.37	187.94	2206084
2015-05-12	-0.001954	187.77	188.97	186.64	189.67	31796499
2015-05-11	-0.013066	185.32	186.80	184.27	185.37	79410999
2015-05-08	0.004405	186.14	188.14	184.55	185.85	92676877
2015-05-07	-0.052102	176.44	177.86	176.20	176.93	16041323
2015-05-06	0.039285	183.37	183.81	182.27	183.38	68692146
2015-05-05	-0.016300	180.38	180.85	179.90	179.56	10332929
2015-05-04	-0.026170	175.66	177.55	175.52	175.66	83813326
2015-05-01	0.024964	180.05	182.31	179.45	179.06	29773261
2015-04-30	-0.005101	179.13	180.26	177.94	178.60	87472149
2015-04-29	-0.012897	176.82	177.17	175.28	179.00	33591383
2015-04-28	0.005552	177.80	178.03	174.50	177.50	93396088
2015-04-27	-0.039032	170.86	171.05	169.65	170.48	84414119
2015-04-24	-0.011567	168.88	170.93	168.70	168.60	19469836
2015-04-23	0.023255	172.81	174.30	171.01	171.71	81847936
2015-04-22	0.043495	180.33	180.34	178.49	179.59	79860992
2015-04-21	-0.001744	180.01	181.44	178.92	179.45	49576952
2015-04-20	0.032495	185.86	186.17	181.42	185.77	18569286
2015-04-17	0.009544	187.63	188.52	187.54	188.20	2279376
2015-04-16	0.009780	189.47	189.93	187.79	189.86	64104718
2015-04-15	-0.004069	188.70	190.70	187.95	188.47	73519847
2015-04-14	-0.046751	179.88	180.67	178.99	179.40	94280267
2015-04-13	0.022020	183.84	185.92	181.53	183.98	25062541
2015-04-10	0.002858	184.36	184.84	182.93	182.26	59132385
2015-04-09	0.009405	186.10	187.40	183.89	186.30	9107780
2015-04-08	0.018207	189.49	190.33	186.76	188.98	63851892
2015-04-07	-0.017546	186.16	188.35	185.30	186.39	72884574
2015-04-06	0.020586	189.99	190.29	188.26	189.89	42775794
2015-04-03	-0.020220	186.15	186.48	182.34	185.86	53924292
2015-04-02	-0.005143	185.19	185.66	184.96	184.49	44828146
2015-04-01	-0.003997	184.45	189.61	183.39	185.40	79684277
2015-03-31	-0.025245	179.80	182.74	177.28	180.85	19100136
2015-03-30	0.003140	180.36	181.76	179.29	180.63	93061986
2015-03-27	-0.005617	179.35	180.55	178.89	179.74	72802456
2015-03-26	-0.018605	176.01	177.01	175.05	175.56	51738229
2015-03-25	-0.033624	170.09	170.45	166.08	170.92	84678163
2015-03-24	0.044471	177.66	181.46	174.32	177.60	73500024
2015-03-23	0.029558	182.91	183.54	181.88	183.82	35049721
2015-03-20	-0.001553	182.62	184.60	180.12	181.51	31529894
2015-03-19	0.021943	186.63	191.58	184.79	185.79	75929158
2015-03-18	0.007051	187.95	191.00	183.93	187.17	57014396
2015-03-17	-0.027292	182.82	184.93	182.18	183.43	9894770
2015-03-16	-0.039798	175.54	177.47	175.17	174.77	99974585
2015-03-13	0.015818	178.32	180.21	178.09	177.59	39866388
2015-03-12	0.006232	179.43	180.11	178.48	178.26	21561179
2015-03-11	-0.004455	178.63	181.91	176.92	180.19	8726277
2015-03-10	0.002325	179.05	179.43	178.23	180.05	12829181
2015-03-09	-0.023027	174.92	177.46	173.40	175.00	62675926
2015-03-06	0.004460	175.70	176.37	174.76	175.88	74629871
2015-03-05	0.003079	176.25	177.15	175.85	176.46	69420797
2015-03-04	-0.025352	171.78	171.87	170.88	172.47	91194586
2015-03-03	-0.025829	167.34	168.44	165.55	166.91	41219984
2015-03-02	0.001204	167.54	169.30	164.91	167.10	38254572
2015-02-27	-0.001328	167.32	167.38	165.00	165.98	2440962
2015-02-26	0.001396	167.55	168.71	164.82	168.72	25517343
2015-02-25	0.016185	170.26	171.52	164.96	171.10	8947030
2015-02-24	0.019906	173.65	175.94	172.61	174.46	8878445
2015-02-23	-0.002035	173.30	173.59	171.68	174.07	44976446
2015-02-20	0.012235	175.42	175.74	174.40	175.45	12255837
2015-02-19	-0.004142	174.69	175.07	173.45	173.76	57190035
2015-02-18	0.030318	179.99	181.40	179.97	179.42	73231079
2015-02-17	-0.006335	178.85	179.70	177.77	178.03	19863381
2015-02-16	0.015298	181.59	183.31	181.41	182.22	25131633
2015-02-13	-0.018405	178.24	179.77	177.85	176.94	14342922
2015-02-12	-0.009744	176.51	177.47	175.61	175.73	52417617
2015-02-11	-0.009578	174.82	175.68	173.08	174.61	62399996
2015-02-10	0.003908	175.50	177.44	174.25	176.54	78453741
2015-02-09	-0.028258	170.54	170.80	170.52	167.87	6332791
2015-02-06	-0.034818	164.60	165.56	164.47	165.55	99830049
2015-02-05	-0.002650	164.17	164.20	161.54	164.54	34070568
2015-02-04	-0.004861	163.37	165.19	162.82	165.97	90981203
2015-02-03	0.006603	164.45	165.33	164.17	165.59	75616887
2015-02-02	0.004504	165.19	168.17	164.54	164.98	57019052
2015-01-30	0.006033	166.18	166.95	164.56	166.90	92662867
2015-01-29	0.023761	170.13	171.36	166.83	169.62	8656153
2015-01-28	-0.000491	170.05	172.77	168.73	170.73	33784273
2015-01-27	0.000282	170.10	170.28	167.50	170.14	50790121
2015-01-26	0.011563	172.06	172.26	169.97	171.01	85042765
2015-01-23	-0.000882	171.91	172.85	171.90	172.23	30748813
2015-01-22	0.016745	174.79	175.33	172.54	172.83	21344712
2015-01-21	0.004201	175.53	175.76	172.34	177.17	64982798
2015-01-20	0.010006	177.28	179.14	176.98	177.34	31206898
2015-01-19	-0.006699	176.09	176.30	175.85	177.78	39847752
2015-01-16	0.011725	178.16	180.83	177.09	178.01	37729218
2015-01-15	0.018361	181.43	183.48	180.91	181.51	29855201
2015-01-14	-0.031267	175.76	178.03	175.69	174.90	3076472
2015-01-13	0.025510	180.24	181.16	178.14	180.51	32576146
2015-01-12	-0.012882	177.92	178.68	177.86	177.54	53044245
2015-01-09	0.002669	178.39	179.23	177.22	178.57	16319489
2015-01-08	-0.002828	177.89	178.30	177.83	178.18	18929555
2015-01-07	-0.007861	176.49	177.84	176.28	176.46	1693839
2015-01-06	0.004306	177.25	178.95	176.45	177.89	85425936
2015-01-05	-0.015152	174.57	175.91	172.66	173.77	41545888
2015-01-02	0.001974	174.91	175.70	173.76	175.43	96622510
2015-01-01	-0.011803	172.85	173.08	172.31	171.62	8047600
2014-12-31	-0.020121	169.37	170.98	168.89	169.24	12034888
2014-12-30	0.009239	170.93	171.84	168.94	169.37	96833049
2014-12-29	-0.004649	170.14	172.23	168.32	170.47	25192074
2014-12-26	-0.009592	168.51	168.70	164.96	168.97	10359663
2014-12-25	0.015768	171.16	171.56	169.33	170.88	45326362
2014-12-24	-0.010712	169.33	171.51	167.26	169.20	97523696
2014-12-23	-0.011818	167.33	168.87	167.10	166.68	76187591
2014-12-22	-0.002156	166.97	171.26	166.24	168.01	84498210
2014-12-19	0.026755	171.44	171.97	170.21	170.93	33244040
2014-12-18	-0.028630	166.53	168.06	164.96	166.19	29372523
2014-12-17	0.018145	169.55	171.89	169.36	169.78	58300520
2014-12-16	0.010725	171.37	173.22	168.34	170.65	66142872
2014-12-15	-0.001020	171.19	174.09	170.14	169.94	99154010
2014-12-12	0.004419	171.95	172.00	170.80	172.12	63471676
2014-12-11	0.011786	173.98	174.56	171.54	175.17	37770192
2014-12-10	-0.011390	171.99	172.26	169.91	172.85	69113605
2014-12-09	0.006355	173.09	175.04	173.05	175.24	42844758
2014-12-08	-0.003364	172.50	172.73	172.38	171.00	84148587
2014-12-05	-0.032322	166.93	166.98	165.15	165.49	83560255
2014-12-04	-0.028027	162.25	164.21	159.55	161.16	37386125
2014-12-03	-0.015187	159.79	160.35	159.75	158.89	28209580
2014-12-02	-0.002948	159.32	159.97	159.16	158.27	96050879
2014-12-01	0.007339	160.48	161.23	159.98	161.38	91752026
2014-11-28	-0.030991	155.51	158.19	155.21	155.44	99518686
2014-11-27	-0.016568	152.93	153.15	151.00	151.18	35897227
2014-11-26	-0.025306	149.06	149.17	147.94	149.33	30773644
2014-11-25	-0.025886	145.21	145.40	143.56	145.77	1141024
2014-11-24	0.022560	148.48	149.34	146.81	148.15	59358487
2014-11-21	0.035964	153.82	155.70	153.48	154.25	23294533
2014-11-20	0.005573	154.68	154.85	152.92	154.99	52390653
2014-11-19	-0.029063	150.18	150.28	149.20	151.16	71733024
2014-11-18	-0.013050	148.22	149.59	148.02	148.03	49404246
2014-11-17	-0.023620	144.72	145.91	143.92	143.75	20240428
2014-11-14	0.005653	145.54	145.99	143.89	146.04	40006772
2014-11-13	0.020665	148.55	150.37	148.15	148.33	71366388
2014-11-12	0.006237	149.47	150.33	148.26	147.28	16140100
2014-11-11	-0.006962	148.43	149.06	148.41	147.59	36609045
2014-11-10	-0.000590	148.35	148.90	146.31	147.61	22166495
2014-11-07	0.015872	150.70	152.11	149.09	151.03	79832244
2014-11-06	0.002731	151.11	151.83	149.62	151.51	21483916
2014-11-05	-0.003804	150.54	152.63	149.27	149.85	45700756
2014-11-04	-0.006916	149.50	150.44	147.10	149.60	32459799
2014-11-03	0.036070	154.89	155.12	153.98	155.58	4708856
2014-10-31	0.021507	158.22	159.73	157.10	158.27	15178076
2014-10-30	0.013713	160.39	162.97	157.77	159.98	24090238
2014-10-29	0.003263	160.91	163.88	160.08	160.97	6148926
2014-10-28	-0.033535	155.52	157.51	155.45	153.78	44549226
2014-10-27	0.037022	161.27	162.24	158.68	161.16	27437741
2014-10-24	-0.003795	160.66	161.01	160.23	161.11	92608165
2014-10-23	0.048786	168.50	168.87	167.86	167.81	51879625
2014-10-22	0.017879	171.51	174.17	170.58	170.71	65152139
2014-10-21	-0.015027	168.94	170.91	168.58	169.52	74116079
2014-10-20	-0.032274	163.48	163.83	162.29	163.03	60489297
2014-10-17	-0.002001	163.16	164.77	162.74	162.19	63692130
2014-10-16	0.007501	164.38	164.57	163.62	164.91	52331127
2014-10-15	0.014881	166.83	169.25	166.66	167.32	60187406
2014-10-14	-0.000766	166.70	171.13	165.35	166.63	54833676
2014-10-13	-0.004616	165.93	165.98	165.10	166.52	73404522
2014-10-10	-0.035538	160.03	160.54	159.27	160.76	68428593
2014-10-09	0.014183	162.30	162.35	159.35	163.04	57000349
2014-10-08	-0.000317	162.25	164.21	162.08	163.17	93363902
2014-10-07	-0.004188	161.57	162.92	160.58	161.53	78571403
2014-10-06	0.011846	163.49	167.09	162.07	164.45	96753113
2014-10-03	-0.002910	163.01	163.53	162.48	163.25	40547507
2014-10-02	0.009932	164.63	164.97	162.60	165.09	61017933
2014-10-01	-0.000150	164.60	167.34	163.49	164.19	92868152
2014-09-30	-0.032941	159.18	160.04	158.52	158.17	88359415
2014-09-29	-0.020762	155.88	157.05	153.71	156.60	44689624
2014-09-26	0.008091	157.14	157.76	156.93	156.32	82975237
2014-09-25	0.036350	162.85	164.10	162.77	163.04	21051447
2014-09-24	0.007285	164.04	166.25	162.57	164.76	42833318
2014-09-23	-0.015492	161.50	161.52	160.52	161.37	88448126
2014-09-22	0.023754	165.33	166.59	163.94	165.21	12681001
2014-09-19	0.008262	166.70	167.28	164.42	167.99	68206601
2014-09-18	0.028542	171.46	171.79	169.39	172.33	88077777
2014-09-17	0.017868	174.52	175.59	174.42	174.23	45886595
2014-09-16	0.032348	180.16	182.33	179.28	178.35	13757854
2014-09-15	-0.014162	177.61	179.70	177.02	176.21	49458217
2014-09-12	-0.011926	175.49	177.15	175.21	175.35	42442328
2014-09-11	-0.018424	172.26	175.07	168.77	171.90	95676834
2014-09-10	0.019926	175.69	176.87	174.68	174.74	82742135
2014-09-09	-0.013916	173.25	174.74	172.79	173.11	3002536
2014-09-08	-0.031128	167.86	171.39	166.05	168.27	56945243
2014-09-05	0.033103	173.41	176.96	171.67	172.72	19122621
2014-09-04	0.022287	177.28	181.57	176.50	178.78	47889961
2014-09-03	0.004583	178.09	180.65	175.81	177.81	53444556
2014-09-02	-0.024361	173.75	176.75	172.23	173.74	86190281
2014-09-01	-0.000756	173.62	173.85	173.24	173.48	86558138
2014-08-29	0.019603	177.02	177.44	173.26	177.92	2418730
2014-08-28	0.001984	177.37	178.42	175.21	179.31	15554646
2014-08-27	-0.007274	176.08	176.95	174.23	175.26	71476809
2014-08-26	-0.046057	167.97	169.17	166.58	166.84	47693624
2014-08-25	0.002848	168.45	168.62	167.86	166.68	12577166
2014-08-22	0.019865	171.80	172.67	171.23	171.43	87523656
2014-08-21	-0.031910	166.32	167.52	165.23	165.37	59975544
2014-08-20	-0.021808	162.69	162.99	156.96	163.97	68555603
2014-08-19	-0.007485	161.47	164.09	158.46	163.07	89486258
2014-08-18	-0.009153	159.99	163.84	159.05	158.34	96199401
2014-08-15	-0.054051	151.35	152.73	151.16	150.95	72135724
2014-08-14	0.030850	156.02	156.11	155.54	156.39	94676309
2014-08-13	-0.024988	152.12	152.42	151.45	152.68	55572982
2014-08-12	0.025320	155.97	160.18	154.68	155.51	64184060
2014-08-11	0.043082	162.69	163.56	159.81	162.39	42729783
2014-08-08	-0.011637	160.79	161.52	160.25	162.79	86450221
2014-08-07	0.002395	161.18	161.78	160.24	160.79	76644399
2014-08-06	0.007192	162.34	163.54	159.10	161.88	62334729
2014-08-05	0.007584	163.57	164.16	162.04	162.93	88700837
2014-08-04	-0.005983	162.59	164.32	161.68	161.70	38916538
2014-08-01	-0.004386	161.88	164.42	161.82	161.97	13032683
2014-07-31	0.013074	163.99	164.73	163.88	164.20	19181553
2014-07-30	-0.002137	163.64	164.01	161.59	164.08	25037580
2014-07-29	0.002112	163.99	165.28	163.45	161.92	31661655
2014-07-28	0.011549	165.88	166.03	164.30	165.12	36695149
2014-07-25	-0.004477	165.14	165.92	164.24	165.66	15361153
2014-07-24	0.002290	165.52	167.23	164.67	164.66	52839251
2014-07-23	0.002595	165.95	168.24	164.70	167.03	44647812
2014-07-22	-0.002160	165.59	168.35	164.72	166.04	28425719
2014-07-21	-0.001390	165.36	165.97	163.88	167.04	87910782
2014-07-18	-0.015524	162.79	163.44	162.77	163.24	30476589
2014-07-17	-0.021495	159.29	159.45	156.19	160.16	41256863
2014-07-16	-0.017089	156.57	157.30	154.27	156.41	62919463
2014-07-15	-0.012122	154.67	156.46	152.35	153.36	75539381
2014-07-14	-0.019093	151.72	153.09	150.66	151.73	44067922
2014-07-11	-0.014966	149.45	151.95	148.23	151.13	87441125
2014-07-10	-0.012234	147.62	149.85	145.99	148.94	89687004
2014-07-09	-0.034664	142.50	143.95	141.61	141.78	53966618
2014-07-08	0.003690	143.03	143.71	141.68	143.00	24232695
2014-07-07	0.019000	145.75	147.12	144.60	145.50	34527827
2014-07-04	0.006570	146.71	148.77	144.62	147.16	31892663
2014-07-03	0.028845	150.94	152.16	150.62	151.51	40951829
2014-07-02	-0.017720	148.26	150.27	146.37	148.20	22729638
2014-07-01	0.001050	148.42	148.53	147.71	148.48	74650650
2014-06-30	0.002003	148.72	149.30	147.07	147.21	52722573
2014-06-27	-0.005118	147.95	148.01	146.76	148.01	41847260
2014-06-26	0.008593	149.23	150.33	148.03	149.37	88965190
2014-06-25	-0.006827	148.21	149.74	144.59	148.00	8110773
2014-06-24	0.005583	149.03	150.19	148.11	149.19	41573144
2014-06-23	0.010769	150.64	151.87	148.83	150.63	52974521
2014-06-20	-0.020333	147.58	147.69	143.88	147.44	61280583
2014-06-19	-0.025007	143.89	146.26	143.49	144.11	54172872
2014-06-18	-0.003560	143.37	146.02	142.58	142.85	8572051
2014-06-17	-0.002226	143.05	143.99	142.73	143.83	25505667
2014-06-16	0.018711	145.73	147.24	144.79	145.70	23072071
2014-06-13	0.025799	149.49	149.66	146.20	150.41	53220436
2014-06-12	0.014336	151.63	152.39	150.49	152.99	86563750
2014-06-11	-0.005681	150.77	152.66	148.63	152.66	99398518
2014-06-10	0.033540	155.83	156.61	154.46	155.69	72249630
2014-06-09	-0.014913	153.51	154.70	153.01	152.48	81446283
2014-06-06	0.012261	155.39	155.51	154.61	154.64	44852859
2014-06-05	-0.012602	153.43	153.52	153.38	152.55	99982123
2014-06-04	0.018476	156.26	157.84	154.46	157.54	27734355
2014-06-03	0.003124	156.75	156.82	155.65	157.05	90657501
2014-06-02	0.013146	158.81	160.01	158.20	158.46	22946991
2014-05-30	0.019774	161.95	165.53	159.14	162.48	85057485
2014-05-29	0.021533	165.44	166.95	164.43	165.15	7998358
2014-05-28	0.035463	171.31	174.41	171.19	171.74	62259566
2014-05-27	0.034887	177.28	179.56	177.17	175.62	42060768
2014-05-26	0.008053	178.71	180.18	176.71	177.90	16562651
2014-05-23	0.022646	182.76	183.82	182.46	183.02	70152152
2014-05-22	-0.004237	181.98	181.99	178.25	180.77	17596673
2014-05-21	0.022149	186.02	187.26	183.93	187.49	61128285
2014-05-20	-0.024610	181.44	183.78	180.02	180.48	90865959
2014-05-19	-0.010550	179.52	181.68	179.32	179.13	80122208
2014-05-16	0.015725	182.35	184.92	181.63	182.44	37605899
2014-05-15	0.012917	184.70	185.62	183.66	184.90	70462845
2014-05-14	0.009507	186.46	188.96	185.52	186.90	35085840
2014-05-13	0.000916	186.63	188.11	185.07	186.32	11009261
2014-05-12	-0.000478	186.54	187.21	184.94	187.21	45336325
2014-05-09	-0.014140	183.90	185.93	182.68	184.37	96491229
2014-05-08	-0.025010	179.30	181.79	178.69	180.10	8259078
2014-05-07	-0.000925	179.14	181.12	175.81	179.15	47689198
2014-05-06	0.043474	186.92	187.75	186.61	187.24	83009916
2014-05-05	-0.004761	186.03	186.40	185.12	186.07	95760856
2014-05-02	-0.015838	183.09	183.95	181.28	182.92	54114386
2014-05-01	0.014162	185.68	186.88	182.62	187.26	99500950
2014-04-30	-0.002069	185.30	187.27	183.25	186.14	8377375
2014-04-29	-0.040778	177.74	179.40	176.09	177.38	16850592
2014-04-28	0.023121	181.85	185.25	180.81	182.15	92578912
2014-04-25	0.013477	184.30	184.39	181.94	184.27	65418497
2014-04-24	0.002755	184.81	185.64	183.46	184.51	58316750
2014-04-23	0.012736	187.16	188.40	186.84	187.18	41848119
2014-04-22	0.001647	187.47	190.22	185.51	186.77	99593943
2014-04-21	-0.017489	184.19	184.34	183.38	184.17	19436175
2014-04-18	0.012933	186.57	186.71	185.54	186.26	81421604
2014-04-17	-0.018095	183.20	184.78	183.00	182.11	38733061
2014-04-16	-0.020790	179.39	182.85	177.24	178.71	10196623
2014-04-15	0.015070	182.09	182.12	179.40	180.69	60561669
2014-04-14	0.017357	185.25	188.04	182.48	185.75	71620714
2014-04-11	-0.014586	182.55	184.43	181.04	181.55	43002718
2014-04-10	-0.004529	181.72	182.17	179.55	182.16	97514322
2014-04-09	0.049383	190.70	193.14	188.21	191.12	72334500
2014-04-08	-0.000496	190.60	191.18	190.05	190.22	71478475
2014-04-07	0.011058	192.71	193.67	191.09	192.15	39489310
2014-04-04	0.002459	193.19	195.21	192.71	195.30	53598609
2014-04-03	0.021545	197.35	197.96	195.12	198.20	25089599
2014-04-02	0.004396	198.22	199.83	196.49	198.15	82523097
2014-04-01	-0.016888	194.87	197.68	189.87	194.98	96801933
2014-03-31	-0.034669	188.11	188.85	187.41	188.19	98504450
2014-03-28	0.005218	189.09	192.08	189.03	188.24	63305625
2014-03-27	-0.020548	185.21	187.22	183.73	183.79	51350294
2014-03-26	-0.034356	178.84	180.77	178.08	179.11	2582874
2014-03-25	-0.009590	177.13	180.28	171.59	177.34	33350187
2014-03-24	-0.026460	172.44	172.60	170.73	172.88	82844610
2014-03-21	-0.017137	169.49	173.13	168.84	171.22	18780179
2014-03-20	-0.025025	165.25	166.38	163.87	165.53	88279850
2014-03-19	-0.000805	165.11	167.42	162.83	166.20	39725297
2014-03-18	-0.001020	164.94	167.57	163.29	165.42	27912542
2014-03-17	0.003336	165.50	166.30	163.20	164.85	54983184
2014-03-14	0.028414	170.20	172.86	166.51	169.88	27361601
2014-03-13	0.005058	171.06	171.10	170.66	171.32	69304057
2014-03-12	0.029736	176.14	177.79	175.43	175.72	18132114
2014-03-11	0.006601	177.31	179.53	176.70	177.59	1168929
2014-03-10	0.021988	181.21	183.73	180.41	180.37	31283291
2014-03-07	0.004000	181.93	183.46	181.08	181.55	93685426
2014-03-06	-0.015385	179.13	179.53	178.39	178.60	96081032
2014-03-05	-0.012388	176.91	177.73	174.73	176.87	40516995
2014-03-04	0.007751	178.28	178.62	178.14	178.55	87998722
2014-03-03	-0.032795	172.44	174.26	171.30	171.90	5870950
2014-02-28	0.020894	176.04	177.28	174.78	176.29	31826719
2014-02-27	0.005798	177.06	177.86	177.06	176.92	44282036
2014-02-26	0.005931	178.11	180.04	175.39	177.86	36611138
2014-02-25	-0.002048	177.75	177.93	173.15	176.27	99972296
2014-02-24	0.017685	180.89	182.76	180.52	179.81	86118818
2014-02-21	0.025360	185.48	185.84	183.25	188.76	98874657
2014-02-20	-0.005094	184.53	185.69	183.00	184.93	93968538
2014-02-19	-0.029520	179.08	179.82	177.71	179.42	21768975
2014-02-18	0.005219	180.02	181.68	178.77	179.73	32235545
2014-02-17	-0.006967	178.77	179.52	176.46	178.65	94893394
2014-02-14	-0.016912	175.74	177.03	173.23	175.74	17329307
2014-02-13	0.002760	176.23	177.40	174.05	176.75	21673160
2014-02-12	0.007219	177.50	177.74	175.56	177.03	51694384
2014-02-11	0.016734	180.47	180.72	180.27	180.74	39128872
2014-02-10	-0.028903	175.25	176.19	171.81	176.03	81704385
2014-02-07	0.029682	180.46	182.48	177.63	180.69	26754134
2014-02-06	0.028449	185.59	185.70	185.34	185.72	28963126
2014-02-05	0.020267	189.35	189.91	187.41	189.62	41879586
2014-02-04	0.008007	190.87	191.82	187.86	191.27	86330623
2014-02-03	-0.025324	186.03	187.76	184.38	186.77	8159228
2014-01-31	0.017149	189.22	190.80	189.01	189.62	89474749
2014-01-30	-0.007321	187.84	189.04	183.28	188.16	59663952
2014-01-29	-0.006092	186.69	188.46	183.99	186.92	8715302
2014-01-28	-0.007181	185.35	187.97	183.89	186.00	52577763
2014-01-27	0.028328	190.60	192.37	189.58	188.90	55881296
2014-01-24	0.041951	198.60	199.76	196.84	198.87	80995734
2014-01-23	-0.011528	196.31	199.80	194.63	197.94	55050194
2014-01-22	-0.018290	192.72	193.66	192.70	194.42	74939228
2014-01-21	0.001781	193.06	195.35	191.60	194.49	2406544
2014-01-20	0.005834	194.19	198.95	191.26	194.45	61353794
2014-01-17	-0.034084	187.57	188.00	185.81	187.46	35487498
2014-01-16	0.014957	190.38	191.35	189.24	189.90	56143839
2014-01-15	-0.015151	187.49	190.01	185.66	187.35	80194870
2014-01-14	-0.025164	182.77	185.41	180.76	182.05	76905652
2014-01-13	-0.009729	181.00	181.89	180.15	179.98	48837743
2014-01-10	0.006593	182.19	182.57	181.90	181.44	79265810
2014-01-09	-0.027658	177.15	177.66	176.62	176.94	26757676
2014-01-08	0.020975	180.87	181.72	180.77	180.32	93752308
2014-01-07	0.012015	183.04	183.34	180.56	183.78	47797167
2014-01-06	-0.023126	178.81	179.16	178.13	179.27	67883963
2014-01-03	-0.003616	178.16	180.03	176.98	180.20	83366434
2014-01-02	-0.006432	177.01	178.46	176.52	176.46	22727794
