2016-01-01	-0.006237	204.94	207.45	204.40	204.51	29926674
2015-12-31	0.039413	213.01	214.09	210.04	213.37	23336191
2015-12-30	-0.001860	212.62	214.10	210.92	211.71	48395837
2015-12-29	-0.013071	209.84	210.62	208.10	210.81	18578078
2015-12-28	0.019014	213.83	216.98	212.11	212.98	48150903
2015-12-25	-0.022802	208.95	209.72	208.88	210.38	1053128
2015-12-24	0.017085	212.52	214.64	212.39	213.56	6060281
2015-12-23	0.022921	217.39	221.17	216.98	216.56	56510866
2015-12-22	0.007154	218.95	220.57	216.65	217.66	76732632
2015-12-21	0.013127	221.82	222.89	218.11	222.47	81330160
2015-12-18	-0.010925	219.40	220.66	215.60	218.29	25840862
2015-12-17	0.015234	222.74	224.74	219.56	224.28	42795165
2015-12-16	0.036305	230.83	230.91	229.45	231.52	53417636
2015-12-15	0.022921	236.12	238.00	231.17	235.30	50890057
2015-12-14	0.002478	236.70	239.16	234.25	238.91	58968941
2015-12-11	-0.027902	230.10	230.75	230.08	230.11	35117610
2015-12-10	-0.028667	223.50	224.30	222.24	222.85	40177402
2015-12-09	0.010942	225.95	230.53	225.46	224.53	47120022
2015-12-08	-0.019556	221.53	221.54	219.46	222.11	35988520
2015-12-07	0.025418	227.16	228.08	227.09	227.16	38639799
2015-12-04	-0.007778	225.39	228.00	222.16	225.48	26934274
2015-12-03	-0.009912	223.16	224.54	222.45	221.66	65199297
2015-12-02	0.037266	231.48	235.74	228.08	230.60	2975566
2015-12-01	-0.022658	226.23	228.37	221.82	225.00	38913208
2015-11-30	0.011843	228.91	231.16	225.78	229.17	40693485
2015-11-27	-0.031791	221.63	221.72	220.54	219.65	74169981
2015-11-26	0.017279	225.46	228.75	224.40	226.30	82863301
2015-11-25	-0.014891	222.11	224.03	219.76	221.84	26231685
2015-11-24	-0.010441	219.79	220.56	216.77	219.19	16709236
2015-11-23	-0.010524	217.47	220.81	215.56	218.38	23981621
2015-11-20	-0.003725	216.66	217.64	215.23	216.15	57064505
2015-11-19	-0.006183	215.32	216.14	214.45	216.41	61490872
2015-11-18	0.020656	219.77	220.26	217.67	219.53	21480908
2015-11-17	0.011572	222.31	224.71	220.98	222.07	62118056
2015-11-16	-0.028938	215.88	217.19	214.33	216.91	60342548
2015-11-13	-0.020118	211.54	212.94	209.97	212.51	27496710
2015-11-12	0.024237	216.66	219.40	216.24	216.50	85764897
2015-11-11	-0.022503	211.79	214.40	211.61	211.51	75815931
2015-11-10	0.010760	214.07	217.23	213.18	213.56	10219058
2015-11-09	-0.011898	211.52	212.21	210.94	212.95	67345449
2015-11-06	-0.025927	206.04	206.32	205.12	204.78	34430998
2015-11-05	0.013004	208.72	211.17	208.41	208.08	2479276
2015-11-04	0.002017	209.14	209.20	207.41	209.44	48458163
2015-11-03	-0.017095	205.56	206.21	203.41	205.24	82211555
2015-11-02	0.000623	205.69	206.33	203.63	207.02	58325914
2015-10-30	-0.008804	203.88	206.98	202.11	204.88	84384495
2015-10-29	0.007491	205.41	206.03	203.70	205.67	56772346
2015-10-28	-0.027590	199.74	200.86	198.61	201.33	83638164
2015-10-27	0.044645	208.66	210.56	206.77	208.20	56210503
2015-10-26	0.001984	209.07	209.99	207.20	208.54	84481079
2015-10-23	-0.012396	206.48	208.69	206.17	206.59	83988468
2015-10-22	0.016455	209.88	212.94	206.12	210.21	68846953
2015-10-21	-0.020044	205.67	206.66	203.80	205.69	8234018
2015-10-20	0.001263	205.93	208.81	203.82	205.82	33886039
2015-10-19	0.013123	208.63	210.35	207.47	207.18	86859476
2015-10-16	0.029055	214.69	216.52	211.38	214.75	82814448
2015-10-15	0.017513	218.45	219.78	216.86	219.22	50126278
2015-10-14	0.047774	228.89	233.33	227.23	229.90	36458512
2015-10-13	-0.002414	228.34	229.49	227.00	229.39	24615037
2015-10-12	-0.002088	227.86	231.71	224.60	229.74	83567424
2015-10-09	-0.034415	220.02	221.78	218.71	220.19	77453220
2015-10-08	-0.004681	218.99	219.81	214.47	219.60	80358566
2015-10-07	-0.003817	218.15	219.96	216.57	216.88	8762903
2015-10-06	0.000400	218.24	218.62	217.08	219.62	10674451
2015-10-05	0.017906	222.15	226.74	221.67	221.70	95540759
2015-10-02	-0.030580	215.36	220.14	214.40	214.34	21111324
2015-10-01	0.015262	218.64	220.22	217.54	218.78	73617029
2015-09-30	-0.000489	218.54	218.82	216.29	220.25	66068726
2015-09-29	0.026363	224.30	225.23	223.77	225.13	4213357
2015-09-28	0.025697	230.06	231.84	227.72	229.07	37389875
2015-09-25	-0.024715	224.37	227.06	222.43	222.63	66023878
2015-09-24	-0.020648	219.74	219.90	218.66	221.43	96263103
2015-09-23	-0.010219	217.50	218.26	216.74	218.35	7552800
2015-09-22	-0.007113	215.95	216.27	212.68	215.20	2477970
2015-09-21	-0.030696	209.32	210.97	208.05	208.64	45130504
2015-09-18	-0.003509	208.59	209.22	207.04	208.47	87226938
2015-09-17	-0.029851	202.36	204.22	201.72	201.01	70363573
2015-09-16	0.020940	206.60	208.72	203.46	207.97	22509432
2015-09-15	0.005086	207.65	208.66	205.27	207.71	78116197
2015-09-14	0.023795	212.59	214.29	212.20	210.65	90264260
2015-09-11	0.013216	215.40	216.38	211.07	214.56	65398410
2015-09-10	0.010322	217.62	223.45	216.76	218.80	18848775
2015-09-09	-0.006101	216.29	217.82	216.13	217.84	35025426
2015-09-08	-0.026870	210.48	212.79	209.89	211.21	17229668
2015-09-07	-0.001470	210.17	212.17	208.29	209.30	76339406
2015-09-04	-0.012084	207.63	211.44	207.30	206.85	45192408
2015-09-03	-0.011586	205.23	207.19	204.38	204.76	9343079
2015-09-02	0.008174	206.90	210.04	205.29	207.40	78500302
2015-09-01	0.007831	208.52	208.65	207.02	209.00	52557611
2015-08-31	0.015096	211.67	213.43	210.13	210.67	2602765
2015-08-28	-0.014885	208.52	209.53	206.99	207.88	2237446
2015-08-27	0.013196	211.27	213.47	209.93	212.80	93600145
2015-08-26	-0.016351	207.82	211.84	205.39	208.27	77455277
2015-08-25	-0.015179	204.66	207.21	204.08	206.23	61245110
2015-08-24	-0.015124	201.57	201.65	201.50	201.19	88267951
2015-08-21	-0.021900	197.15	200.76	194.95	196.40	31618979
2015-08-20	0.031619	203.39	203.63	201.65	203.15	12452541
2015-08-19	0.009997	205.42	209.60	203.93	206.36	18838923
2015-08-18	0.019892	209.51	209.59	209.40	208.11	84157812
2015-08-17	-0.018529	205.63	206.36	202.05	204.99	15569178
2015-08-14	0.014858	208.68	210.11	206.33	209.34	79849629
2015-08-13	0.031590	215.27	215.84	214.50	215.33	81999125
2015-08-12	-0.016051	211.82	212.36	210.70	212.53	11512901
2015-08-11	-0.015131	208.61	208.70	207.75	207.93	85863644
2015-08-10	-0.010536	206.41	210.66	206.06	208.22	24164997
2015-08-07	-0.023813	201.50	201.82	200.50	202.04	83591258
2015-08-06	-0.015005	198.48	201.32	196.39	197.50	78551573
2015-08-05	-0.018220	194.86	195.97	191.30	195.51	28407134
2015-08-04	0.005349	195.90	197.09	195.42	195.23	12635552
2015-08-03	-0.013778	193.20	193.94	189.84	192.22	16602572
2015-07-31	0.003096	193.80	193.90	192.06	192.99	55325375
2015-07-30	0.005443	194.86	195.29	193.72	195.55	14839600
2015-07-29	-0.027942	189.41	191.63	187.95	188.72	93200905
2015-07-28	-0.022409	185.17	186.18	183.97	184.41	73053198
2015-07-27	0.013757	187.71	189.88	183.79	188.08	18419804
2015-07-24	-0.003892	186.98	188.56	184.67	187.05	45960759
2015-07-23	0.003840	187.70	189.38	185.59	187.05	96008819
2015-07-22	0.016634	190.82	191.63	190.19	190.30	87818840
2015-07-21	0.000971	191.01	192.84	190.01	191.12	24028009
2015-07-20	-0.022831	186.65	187.80	184.66	186.51	30830970
2015-07-17	0.024990	191.31	193.08	189.80	191.81	74082025
2015-07-16	0.022550	195.63	198.54	193.97	195.81	22055292
2015-07-15	-0.006342	194.39	196.44	190.92	195.32	58162275
2015-07-14	0.019646	198.20	199.41	197.82	198.30	53756451
2015-07-13	-0.015637	195.11	199.30	191.68	196.11	43113442
2015-07-10	0.006854	196.44	197.14	194.87	195.35	58779720
2015-07-09	0.012487	198.90	199.52	196.85	198.41	54465356
2015-07-08	0.008837	200.65	202.51	199.62	201.90	55964920
2015-07-07	0.003851	201.43	201.93	200.43	203.26	44800066
2015-07-06	0.013627	204.17	204.97	202.49	204.00	95335817
2015-07-03	-0.031908	197.66	197.99	196.10	197.29	95951757
2015-07-02	-0.048105	188.15	190.13	185.97	186.90	3820328
2015-07-01	-0.004925	187.22	187.41	187.19	188.50	66975299
2015-06-30	-0.024906	182.56	182.65	181.52	182.94	44138384
2015-06-29	0.013549	185.03	186.63	184.13	183.39	95628457
2015-06-26	0.037229	191.92	194.26	188.46	190.99	90387825
2015-06-25	0.003298	192.55	192.90	192.07	193.91	18493958
2015-06-24	-0.009902	190.65	191.20	188.29	192.27	65091470
2015-06-23	0.002385	191.10	192.02	189.85	191.55	11584227
2015-06-22	-0.015180	188.20	188.97	186.15	188.88	5259674
2015-06-19	-0.012910	185.77	185.87	185.12	185.45	36073760
2015-06-18	-0.009414	184.02	185.01	182.45	182.96	89614499
2015-06-17	0.018377	187.40	191.70	186.53	188.91	74680453
2015-06-16	-0.020499	183.56	183.63	182.89	183.98	41135934
2015-06-15	-0.026947	178.62	179.04	178.61	178.23	55484624
2015-06-12	-0.026578	173.87	175.65	173.27	173.51	11475523
2015-06-11	-0.017611	170.81	171.04	168.47	169.04	90827784
2015-06-10	-0.026178	166.33	166.57	164.64	165.91	8733994
2015-06-09	0.005914	167.32	167.39	166.50	167.48	98433896
2015-06-08	0.023738	171.29	172.09	170.00	171.60	31688710
2015-06-05	-0.009078	169.74	170.67	169.52	169.09	52054735
2015-06-04	-0.020348	166.28	166.76	164.19	166.67	82894258
2015-06-03	0.005647	167.22	167.54	165.96	167.92	70866348
2015-06-02	0.001241	167.43	168.32	165.87	167.80	70914046
2015-06-01	0.008144	168.79	169.93	168.21	168.81	87755531
2015-05-29	0.023266	172.72	173.05	169.75	173.97	30067360
2015-05-28	-0.001897	172.39	172.71	172.03	172.54	82068082
2015-05-27	0.014377	174.87	178.00	173.80	173.84	24321996
2015-05-26	0.024338	179.13	180.13	177.11	179.44	62562266
2015-05-25	0.011394	181.17	182.36	180.84	182.34	83244747
2015-05-22	-0.005465	180.18	181.74	180.13	180.20	88665094
2015-05-21	0.008653	181.74	184.08	180.53	183.77	75732173
2015-05-20	0.025092	186.30	186.92	186.08	186.20	91510810
2015-05-19	-0.005100	185.35	189.89	184.74	184.61	74273767
2015-05-18	0.008148	186.86	189.45	186.60	186.00	35582690
2015-05-15	0.007991	188.35	191.80	188.18	188.77	14767783
2015-05-14	0.003042	188.92	190.48	188.41	189.52	6889247
2015-05-13	0.021441	192.97	193.50	191.63	191.17	70990870
2015-05-12	-0.039330	185.38	188.89	184.53	185.97	18199444
2015-05-11	-0.018793	181.90	183.49	180.03	183.51	16622761
2015-05-08	-0.023461	177.63	178.24	176.15	177.04	58400350
2015-05-07	-0.023612	173.44	174.50	172.38	173.84	4311303
2015-05-06	0.015057	176.05	176.39	175.87	176.71	33736587
2015-05-05	-0.031510	170.50	172.18	169.67	169.99	40367166
2015-05-04	-0.012014	168.45	169.68	167.84	168.26	23010511
2015-05-01	-0.018753	165.29	168.57	162.92	164.30	10685948
2015-04-30	-0.002833	164.83	165.70	164.70	164.08	6962131
2015-04-29	-0.004151	164.14	164.18	163.76	165.93	48751594
2015-04-28	0.022237	167.79	171.44	164.14	167.02	18498150
2015-04-27	0.004864	168.61	169.53	165.36	167.73	67500812
2015-04-24	0.016815	171.44	175.12	171.36	170.70	91043468
2015-04-23	0.017905	174.51	175.04	172.48	173.40	78590670
2015-04-22	-0.029156	169.43	170.82	166.00	170.11	85806937
2015-04-21	0.005056	170.28	171.28	170.11	170.86	64246706
2015-04-20	-0.003409	169.70	171.96	169.60	169.94	79206129
2015-04-17	-0.007134	168.49	168.99	166.43	169.08	4550274
2015-04-16	0.025883	172.85	173.84	172.23	172.48	63448502
2015-04-15	-0.000643	172.74	176.11	171.88	173.23	15157975
2015-04-14	0.019923	176.18	176.34	174.38	177.20	41220164
2015-04-13	-0.009473	174.51	175.49	172.91	174.29	15309386
2015-04-10	-0.037097	168.04	170.80	164.54	168.65	56246854
2015-04-09	-0.004061	167.36	170.28	166.72	167.81	42401133
2015-04-08	-0.018260	164.30	166.12	160.95	164.48	73829673
2015-04-07	0.014498	166.68	169.35	165.81	167.04	79715109
2015-04-06	-0.005701	165.73	166.53	161.69	166.15	12522052
2015-04-03	0.018118	168.74	169.46	166.92	169.27	44598527
2015-04-02	-0.005366	167.83	168.92	167.17	167.90	29714867
2015-04-01	0.006847	168.98	171.14	167.64	169.95	72925407
2015-03-31	-0.003442	168.40	169.64	165.92	169.45	77192920
2015-03-30	-0.014866	165.89	165.92	165.76	165.45	17212487
2015-03-27	0.019416	169.11	170.32	167.42	168.50	43362502
2015-03-26	0.041614	176.15	177.67	174.32	176.33	63513597
2015-03-25	0.043276	183.78	186.15	179.79	183.60	61908409
2015-03-24	0.003322	184.39	186.61	184.26	184.73	12873274
2015-03-23	0.013636	186.90	187.66	186.85	187.63	74301332
2015-03-20	-0.000151	186.87	189.85	186.81	187.23	66297534
2015-03-19	0.000850	187.03	189.59	186.67	185.98	40241603
2015-03-18	0.025798	191.86	194.02	191.40	189.76	29888296
2015-03-17	0.017665	195.24	197.41	192.84	195.83	8880400
2015-03-16	-0.016737	191.98	192.82	188.49	193.93	53821413
2015-03-13	0.015761	195.00	195.21	193.35	194.65	22899475
2015-03-12	0.015494	198.02	199.67	196.83	196.93	28162323
2015-03-11	0.023663	202.71	204.39	200.83	202.59	86974392
2015-03-10	0.017438	206.24	207.95	201.22	205.57	75145045
2015-03-09	-0.022790	201.54	203.87	197.36	202.50	82689013
2015-03-06	0.040769	209.76	210.92	209.46	207.67	36199002
2015-03-05	-0.006421	208.41	208.80	208.11	208.86	23120377
2015-03-04	-0.005178	207.34	210.73	206.91	207.97	6293232
2015-03-03	0.030177	213.59	214.25	213.45	213.11	70857095
2015-03-02	-0.017410	209.87	210.36	207.54	208.80	41094358
2015-02-27	-0.006246	208.56	209.95	205.75	209.27	57240269
2015-02-26	-0.002389	208.06	209.30	206.01	207.41	2160593
2015-02-25	-0.015217	204.90	206.00	203.22	203.97	58026392
2015-02-24	-0.014136	202.00	202.05	200.10	202.56	64286238
2015-02-23	-0.020718	197.82	200.46	195.39	197.83	32168305
2015-02-20	0.015195	200.82	201.37	198.17	202.36	69425847
2015-02-19	-0.018815	197.04	199.12	196.80	197.69	95674612
2015-02-18	0.028059	202.57	205.87	199.83	200.77	81046762
2015-02-17	-0.016663	199.20	200.07	197.00	200.54	39024789
2015-02-16	-0.010364	197.13	198.35	195.04	196.44	67555013
2015-02-13	0.002841	197.69	198.79	197.18	199.32	38293047
2015-02-12	-0.022775	193.19	196.94	192.08	193.10	7187553
2015-02-11	0.009880	195.10	195.17	194.84	194.28	89617299
2015-02-10	0.001434	195.38	198.20	193.11	195.28	88563474
2015-02-09	-0.012016	193.03	197.01	191.20	193.04	94996906
2015-02-06	0.007587	194.50	194.96	193.71	194.31	92338192
2015-02-05	0.018193	198.03	200.63	197.78	196.32	27134864
2015-02-04	-0.014243	195.21	198.18	195.14	195.75	79285413
2015-02-03	-0.015531	192.18	193.50	191.92	193.58	97625022
2015-02-02	0.017652	195.57	196.51	193.71	194.74	52032624
2015-01-30	0.003701	196.30	197.63	194.48	195.13	56931129
2015-01-29	-0.037970	188.84	191.81	187.33	189.97	48159631
2015-01-28	-0.017804	185.48	188.93	183.37	186.09	22571443
2015-01-27	0.001340	185.73	187.11	183.03	184.50	34305823
2015-01-26	0.013192	188.18	188.23	187.17	188.10	85254777
2015-01-23	-0.011492	186.02	186.83	185.65	185.05	39674802
2015-01-22	-0.051899	176.36	179.41	176.10	175.99	7147169
2015-01-21	0.012722	178.61	179.51	177.51	178.77	57780853
2015-01-20	-0.017612	175.46	177.42	172.81	173.80	59522778
2015-01-19	-0.006346	174.35	175.77	174.03	173.96	61333347
2015-01-16	0.021794	178.15	179.03	178.14	178.61	18035023
2015-01-15	-0.024400	173.80	175.89	170.89	172.72	28495922
2015-01-14	-0.022873	169.83	172.58	169.40	169.20	62542591
2015-01-13	-0.014464	167.37	167.46	166.36	167.03	13150635
2015-01-12	0.070157	179.11	181.37	176.39	179.33	67134636
2015-01-09	-0.006853	177.88	178.42	177.16	177.46	24367071
2015-01-08	0.000610	177.99	180.92	176.73	177.15	62649070
2015-01-07	0.003493	178.61	179.00	176.61	178.58	91382001
2015-01-06	0.015421	181.37	181.74	180.71	180.93	33348064
2015-01-05	-0.016308	178.41	178.49	178.30	178.84	63902716
2015-01-02	-0.032027	172.70	174.67	170.83	173.02	77198319
2015-01-01	-0.021829	168.93	171.86	167.63	168.96	33653229
2014-12-31	-0.004566	168.16	169.22	166.36	169.78	8767306
2014-12-30	0.004133	168.85	169.71	167.55	169.81	95333116
2014-12-29	-0.017686	165.87	166.48	165.42	166.23	99960966
2014-12-26	0.014198	168.22	171.17	167.19	169.41	14490587
2014-12-25	0.002780	168.69	169.92	167.45	168.68	13590254
2014-12-24	0.008693	170.15	170.72	169.30	170.54	41932345
2014-12-23	0.007799	171.48	171.70	169.00	170.73	92044036
2014-12-22	-0.025805	167.06	168.94	165.79	168.33	43333163
2014-12-19	0.029167	171.93	173.32	167.93	170.97	84820506
2014-12-18	0.002254	172.32	172.92	169.42	171.63	18160014
2014-12-17	0.012618	174.49	177.89	172.03	173.95	66945889
2014-12-16	-0.013536	172.13	172.77	169.81	171.57	89915387
2014-12-15	0.047420	180.29	180.87	178.91	180.12	18312572
2014-12-12	0.008380	181.80	184.47	178.40	182.36	44632870
2014-12-11	-0.016874	178.73	180.24	176.35	178.64	30219537
2014-12-10	-0.010684	176.82	177.01	176.11	178.42	78608365
2014-12-09	-0.008088	175.39	177.79	174.36	175.63	1160058
2014-12-08	-0.005740	174.39	174.64	172.29	174.51	97986874
2014-12-05	-0.014853	171.80	172.96	170.56	171.94	18743778
2014-12-04	-0.003157	171.25	171.90	169.43	171.38	26384129
2014-12-03	-0.015291	168.64	169.77	166.28	169.16	43606574
2014-12-02	0.005680	169.59	171.08	169.28	168.41	68819014
2014-12-01	-0.056426	160.02	161.77	158.92	159.03	46264127
2014-11-28	-0.003308	159.50	159.73	157.25	159.08	36508134
2014-11-27	-0.012869	157.44	158.31	157.07	158.21	99982713
2014-11-26	-0.004894	156.67	158.10	155.18	155.99	40627009
2014-11-25	-0.000624	156.57	157.71	156.12	155.39	94665796
2014-11-24	-0.016707	153.96	156.14	153.82	154.02	70521327
2014-11-21	-0.019194	151.00	151.62	150.54	150.81	41681204
2014-11-20	-0.001251	150.81	151.40	150.45	151.68	43830246
2014-11-19	-0.019179	147.92	149.80	147.48	148.84	87325185
2014-11-18	0.030222	152.39	154.28	152.23	152.33	76933147
2014-11-17	0.003610	152.94	154.06	151.61	154.15	22833980
2014-11-14	-0.016383	150.44	151.54	150.28	150.19	30544523
2014-11-13	-0.003219	149.95	152.62	149.95	149.53	92931619
2014-11-12	-0.022079	146.64	147.35	145.57	148.74	20246030
2014-11-11	-0.022900	143.28	145.46	141.73	144.16	48620667
2014-11-10	-0.001343	143.09	146.94	140.76	143.99	62719826
2014-11-07	0.005544	143.88	144.64	142.71	144.32	73122215
2014-11-06	-0.015692	141.63	142.53	141.02	142.47	71651200
2014-11-05	-0.015001	139.50	140.57	138.90	138.55	48031432
2014-11-04	0.011817	141.15	143.55	139.66	140.47	88008799
2014-11-03	0.022871	144.38	144.73	142.07	144.92	74170943
2014-10-31	-0.005529	143.58	146.52	141.67	143.12	58779000
2014-10-30	-0.014898	141.44	142.85	138.58	141.03	64329368
2014-10-29	0.001991	141.72	142.15	140.34	140.66	30765807
2014-10-28	-0.018056	139.16	140.77	136.96	137.51	12502228
2014-10-27	-0.010080	137.76	137.80	135.60	138.24	22366138
2014-10-24	0.007434	138.79	141.37	136.64	138.44	84630887
2014-10-23	-0.018673	136.19	137.70	136.08	134.27	10945877
2014-10-22	-0.013892	134.30	134.31	134.18	133.31	83662858
2014-10-21	-0.000931	134.18	134.49	132.67	133.28	11213348
2014-10-20	0.017907	136.58	139.19	134.42	137.04	17156094
2014-10-17	0.004823	137.24	137.69	136.27	135.44	14566852
2014-10-16	0.029692	141.31	142.74	139.53	140.79	51903714
2014-10-15	0.021074	144.29	145.20	143.06	142.98	84218093
2014-10-14	0.010901	145.86	147.82	145.67	147.01	17106808
2014-10-13	-0.006633	144.90	146.78	143.43	144.74	90059679
2014-10-10	-0.005042	144.17	144.77	144.14	144.67	81759754
2014-10-09	-0.042193	138.08	138.26	135.24	137.36	23006073
2014-10-08	-0.018666	135.51	136.01	135.29	135.98	7749426
2014-10-07	-0.004273	134.93	135.80	132.79	132.94	67962316
2014-10-06	0.013735	136.78	137.38	133.55	136.32	96079337
2014-10-03	-0.009630	135.46	135.66	135.25	135.58	40945546
2014-10-02	0.003866	135.99	137.82	135.76	136.92	74052108
2014-10-01	0.014856	138.01	140.27	136.57	137.80	12650539
2014-09-30	0.029032	142.01	142.86	141.54	141.13	32294930
2014-09-29	-0.017247	139.56	139.83	139.51	138.90	60965217
2014-09-26	0.013701	141.48	143.35	140.48	142.21	55232005
2014-09-25	0.009166	142.77	143.21	142.17	142.65	52065178
2014-09-24	0.006532	143.71	146.08	143.10	143.36	51619792
2014-09-23	0.017461	146.22	147.84	145.01	147.43	49409143
2014-09-22	-0.028166	142.10	144.25	141.01	142.45	48590656
2014-09-19	0.004757	142.77	143.34	142.73	142.88	54390951
2014-09-18	0.001934	143.05	143.45	141.01	143.03	83907034
2014-09-17	0.010908	144.61	146.06	143.55	145.09	35593600
2014-09-16	-0.016971	142.16	143.10	141.80	141.96	54786749
2014-09-15	0.012675	143.96	145.53	141.99	143.80	66565333
2014-09-12	-0.029591	139.70	139.83	138.35	139.99	37703986
2014-09-11	-0.002059	139.41	139.42	138.83	139.23	34586506
2014-09-10	-0.004736	138.75	139.96	137.51	137.42	42049795
2014-09-09	0.006310	139.62	140.10	139.48	140.51	58142244
2014-09-08	-0.003434	139.15	139.31	138.62	139.62	72627650
2014-09-05	0.005037	139.85	140.38	138.99	140.73	12072981
2014-09-04	-0.003411	139.37	141.32	137.68	140.10	37496577
2014-09-03	0.007173	140.37	140.64	139.91	139.99	80455743
2014-09-02	-0.017235	137.95	139.37	136.43	137.93	47439792
2014-09-01	0.011687	139.56	139.81	138.99	139.93	45925842
2014-08-29	-0.011852	137.91	139.63	137.60	138.20	70813417
2014-08-28	0.028634	141.86	142.49	141.19	141.81	40793303
2014-08-27	-0.000336	141.81	142.37	141.80	142.69	56947789
2014-08-26	0.011305	143.41	144.69	141.01	143.53	5558043
2014-08-25	-0.010605	141.89	142.29	140.40	142.40	88160463
2014-08-22	-0.022174	138.74	138.93	137.03	140.13	74739736
2014-08-21	-0.023382	135.50	136.56	134.92	135.12	41493800
2014-08-20	-0.009259	134.25	135.27	132.74	133.86	96079248
2014-08-19	-0.015635	132.15	133.16	131.07	132.52	19383489
2014-08-18	-0.018652	129.68	130.36	128.95	129.47	98002270
2014-08-15	-0.004948	129.04	129.40	127.88	127.22	44153259
2014-08-14	0.044508	134.78	136.09	133.45	134.51	50022266
2014-08-13	0.020593	137.56	138.38	137.30	138.03	36297836
2014-08-12	-0.021645	134.58	137.94	133.92	134.09	36864150
2014-08-11	-0.028595	130.73	131.52	128.88	129.97	31953767
2014-08-08	0.013449	132.49	134.58	132.20	132.64	80914183
2014-08-07	-0.007607	131.48	132.07	131.09	131.29	87065940
2014-08-06	0.019510	134.05	135.75	132.85	134.46	31212697
2014-08-05	-0.024313	130.79	131.55	130.23	131.03	39723474
2014-08-04	-0.013639	129.01	129.84	126.10	129.53	22965005
2014-08-01	0.007133	129.93	131.79	129.11	129.86	98718548
2014-07-31	-0.003061	129.53	129.68	128.65	129.58	84633154
2014-07-30	0.027311	133.07	135.61	131.84	132.98	4573857
2014-07-29	0.004613	133.68	134.36	133.24	134.31	76250931
2014-07-28	-0.004893	133.03	135.99	129.82	133.46	33317765
2014-07-25	0.022930	136.08	139.61	132.88	135.22	25468474
2014-07-24	0.011652	137.66	137.70	136.72	138.15	75974589
2014-07-23	0.040244	143.20	144.82	141.27	143.14	97535969
2014-07-22	0.004289	143.82	146.06	143.40	144.41	41668425
2014-07-21	-0.007647	142.72	145.04	142.70	142.58	69579459
2014-07-18	0.014443	144.78	144.86	142.18	145.04	30376474
2014-07-17	-0.021412	141.68	143.89	140.16	142.42	13260018
2014-07-16	-0.012366	139.93	140.26	138.44	139.77	74344112
2014-07-15	0.009714	141.29	142.00	140.76	141.38	31336510
2014-07-14	-0.000849	141.17	142.26	140.56	139.91	67013605
2014-07-11	-0.044521	134.88	136.45	134.88	135.29	90580143
2014-07-10	-0.027575	131.16	132.47	130.63	130.63	38868006
2014-07-09	-0.010537	129.78	130.65	129.19	128.83	40947848
2014-07-08	-0.019087	127.30	128.01	126.21	127.30	5652853
2014-07-07	0.003469	127.74	130.84	126.19	127.54	50755665
2014-07-04	0.019452	130.23	132.00	129.99	130.11	87637844
2014-07-03	0.024068	133.36	135.65	132.89	132.62	9574032
2014-07-02	0.037756	138.40	140.17	137.89	139.14	71787173
2014-07-01	-0.028083	134.51	135.33	133.69	134.66	15252579
2014-06-30	-0.003565	134.03	135.87	131.94	134.05	7972356
2014-06-27	0.020259	136.75	138.79	136.74	137.58	43403712
2014-06-26	0.019758	139.45	139.56	139.18	138.88	52318049
2014-06-25	0.030146	143.65	145.55	141.86	142.74	49992841
2014-06-24	-0.002584	143.28	144.01	142.06	142.87	74285170
2014-06-23	0.018757	145.97	146.44	145.95	145.45	44476184
2014-06-20	0.003537	146.49	146.88	144.26	146.86	91109507
2014-06-19	0.039074	152.21	153.94	152.14	152.21	78318215
2014-06-18	-0.010499	150.61	150.95	149.88	151.14	39703219
2014-06-17	0.004061	151.22	152.36	149.08	151.53	25838712
2014-06-16	-0.005339	150.42	151.73	149.97	151.68	88640308
2014-06-13	0.000557	150.50	150.75	149.83	149.35	63642377
2014-06-12	0.016104	152.92	156.04	152.79	152.51	65211761
2014-06-11	0.026816	157.02	157.16	155.89	157.47	55248453
2014-06-10	0.012328	158.96	159.32	158.09	159.47	6865886
2014-06-09	-0.016655	156.31	158.23	154.93	156.74	22188239
2014-06-06	0.005475	157.17	157.73	155.21	155.45	30748469
2014-06-05	-0.002722	156.74	156.79	155.72	156.97	61037564
2014-06-04	0.002137	157.07	159.02	156.81	157.24	50746190
2014-06-03	-0.006746	156.02	158.91	154.87	156.97	27630157
2014-06-02	0.024444	159.83	160.81	157.66	160.16	69667978
2014-05-30	-0.009992	158.23	159.28	157.72	159.52	58748306
2014-05-29	-0.034202	152.82	154.19	152.31	152.34	13480690
2014-05-28	-0.043293	146.20	146.67	144.00	146.57	42623205
2014-05-27	0.022761	149.53	150.23	149.40	149.97	44128058
2014-05-26	-0.008356	148.28	149.44	146.87	146.77	70118793
2014-05-23	0.010690	149.87	151.14	147.84	149.74	98781759
2014-05-22	0.031989	154.66	156.54	152.37	154.32	57816766
2014-05-21	-0.010266	153.07	155.13	151.75	153.58	5051586
2014-05-20	0.033160	158.15	158.41	156.12	158.72	45795837
2014-05-19	0.028164	162.60	163.18	161.89	162.58	55531971
2014-05-16	-0.017373	159.78	162.27	159.46	159.53	41770454
2014-05-15	-0.021045	156.42	159.75	155.63	156.99	48415286
2014-05-14	0.009521	157.91	158.74	157.41	157.46	84152329
2014-05-13	-0.001466	157.67	158.32	157.14	158.17	49124317
2014-05-12	-0.026316	153.52	155.26	151.67	152.61	91272002
2014-05-09	-0.014251	151.34	151.84	149.79	150.14	97405939
2014-05-08	0.027466	155.49	155.91	154.95	154.53	23696382
2014-05-07	-0.028822	151.01	151.83	149.94	151.21	90824994
2014-05-06	-0.023781	147.42	149.54	145.79	147.41	86943736
2014-05-05	-0.012986	145.51	147.43	145.34	145.61	84051844
2014-05-02	0.033009	150.31	150.46	148.94	150.54	53696069
2014-05-01	-0.001757	150.04	152.23	149.37	149.25	39314343
2014-04-30	-0.007219	148.96	150.72	147.88	148.10	91747848
2014-04-29	-0.008790	147.65	149.59	144.57	146.35	5206379
2014-04-28	-0.007491	146.55	146.67	143.52	146.50	23278080
2014-04-25	-0.005444	145.75	145.77	145.74	145.23	30695447
2014-04-24	0.014268	147.83	148.82	146.34	147.11	21978381
2014-04-23	0.031469	152.48	153.52	151.93	153.13	56540632
2014-04-22	0.022938	155.98	158.00	154.35	156.91	51579356
2014-04-21	-0.019651	152.91	154.51	151.44	151.20	8594757
2014-04-18	0.039055	158.88	160.34	155.61	159.18	12585667
2014-04-17	0.019157	161.93	163.45	160.39	163.11	63238079
2014-04-16	-0.009028	160.47	163.01	159.14	160.86	70239853
2014-04-15	0.008830	161.88	163.43	161.02	160.94	16005535
2014-04-14	-0.015460	159.38	159.74	158.22	158.51	81075034
2014-04-11	-0.043372	152.47	155.30	151.76	152.00	12248685
2014-04-10	-0.000499	152.39	153.97	151.02	151.92	77139084
2014-04-09	0.010539	154.00	155.09	153.76	153.29	26086893
2014-04-08	-0.032481	149.00	149.70	147.37	150.80	58179916
2014-04-07	0.020868	152.10	155.06	151.53	151.24	51919437
2014-04-04	-0.053564	143.96	145.24	141.56	143.53	63518157
2014-04-03	0.008899	145.24	147.10	145.15	144.16	74293963
2014-04-02	0.009176	146.57	146.90	145.92	146.22	80158976
2014-04-01	-0.011987	144.81	145.80	144.05	145.35	81396421
2014-03-31	0.016557	147.21	147.76	146.34	147.11	97982182
2014-03-28	-0.057409	138.76	138.89	136.66	138.35	22421443
2014-03-27	0.029773	142.89	143.60	140.55	143.41	97961612
2014-03-26	0.016469	145.25	146.11	144.02	144.70	25727929
2014-03-25	0.035336	150.38	151.47	148.97	149.31	74531480
2014-03-24	0.032915	155.33	156.82	154.11	155.83	65054844
2014-03-21	-0.025841	151.31	152.49	151.08	151.80	22691026
2014-03-20	0.042473	157.74	158.07	155.94	157.14	21317763
2014-03-19	0.021163	161.08	161.49	160.15	160.46	50496182
2014-03-18	-0.015585	158.57	158.93	158.48	158.67	26950432
2014-03-17	-0.008785	157.18	157.27	155.46	157.05	74064531
2014-03-14	-0.029222	152.58	154.39	152.36	152.86	8706768
2014-03-13	-0.006169	151.64	153.27	150.80	151.29	53767003
2014-03-12	-0.040430	145.51	147.08	144.61	146.01	66051561
2014-03-11	-0.001501	145.29	146.97	142.73	145.74	10829557
2014-03-10	-0.003691	144.76	145.09	142.90	144.89	21290722
2014-03-07	0.040135	150.57	150.91	150.01	150.35	49769297
2014-03-06	0.021587	153.82	156.18	153.01	154.38	20979362
2014-03-05	0.012984	155.81	155.96	155.76	155.36	42872538
2014-03-04	0.025262	159.75	160.20	158.06	159.22	19271776
2014-03-03	-0.013978	157.52	159.28	156.74	158.53	28785775
2014-02-28	0.003565	158.08	158.18	156.81	157.29	28568392
2014-02-27	-0.000592	157.98	159.42	156.79	157.61	73930963
2014-02-26	-0.026235	153.84	155.19	152.69	153.37	77265339
2014-02-25	-0.011071	152.14	152.32	151.64	151.86	10977577
2014-02-24	0.026706	156.20	157.57	155.01	155.57	78572889
2014-02-21	0.017202	158.89	160.46	158.76	159.92	10395015
2014-02-20	-0.003202	158.38	159.72	156.65	159.70	69389050
2014-02-19	-0.016666	155.74	156.50	155.24	157.58	24325154
2014-02-18	-0.018170	152.91	153.10	151.25	153.46	37478094
2014-02-17	0.002141	153.24	155.50	152.52	153.40	43453309
2014-02-14	0.000098	153.25	154.38	152.23	154.31	43002272
2014-02-13	0.019454	156.23	157.11	155.34	155.93	58080772
2014-02-12	0.021107	159.53	160.29	157.43	161.38	36129517
2014-02-11	-0.009724	157.98	159.09	156.40	157.58	24282749
2014-02-10	-0.016526	155.37	156.61	154.19	155.63	55682523
2014-02-07	-0.032693	150.29	150.60	148.81	149.55	53820842
2014-02-06	0.021474	153.51	153.84	152.71	152.95	64960979
2014-02-05	0.019719	156.54	156.81	156.08	158.20	62664949
2014-02-04	0.012996	158.58	159.26	157.52	160.14	2473040
2014-02-03	0.012953	160.63	162.00	158.66	160.38	24378532
2014-01-31	-0.006592	159.57	160.89	157.96	159.93	61179056
2014-01-30	0.033766	164.96	166.47	162.62	164.41	48022656
2014-01-29	0.021917	168.58	168.74	167.84	168.51	74120190
2014-01-28	0.001937	168.90	170.14	168.37	168.48	14521318
2014-01-27	-0.000501	168.82	169.88	168.41	169.46	23774472
2014-01-24	0.015526	171.44	173.29	170.13	173.07	99793904
2014-01-23	0.002669	171.90	172.92	170.18	171.03	9881323
2014-01-22	0.025194	176.23	178.41	174.75	177.35	7308613
2014-01-21	0.018464	179.48	182.26	179.19	177.81	37183743
2014-01-20	0.009444	181.18	183.87	180.97	180.30	68228027
2014-01-17	-0.041701	173.62	175.25	171.32	173.66	85525516
2014-01-16	-0.003095	173.08	173.79	170.60	174.48	98310120
2014-01-15	0.003329	173.66	175.01	172.04	173.68	27171840
2014-01-14	-0.003588	173.04	174.90	171.93	171.25	31764613
2014-01-13	-0.014375	170.55	170.88	169.89	170.37	37792458
2014-01-10	-0.011642	168.56	168.59	164.76	168.86	72223734
2014-01-09	0.030784	173.75	174.18	171.46	174.70	61501918
2014-01-08	0.010096	175.51	176.00	173.00	174.61	52076354
2014-01-07	0.018620	178.77	179.73	177.87	179.05	61878211
2014-01-06	-0.007774	177.38	180.17	175.92	176.54	25228400
2014-01-03	0.025392	181.89	182.02	179.56	181.23	75287790
2014-01-02	-0.005181	180.95	183.94	180.07	181.00	29598697
