2016-01-01	0.002613	235.37	237.42	231.72	234.08	60592936
2015-12-31	0.021936	240.53	240.74	240.21	239.27	44205638
2015-12-30	-0.030405	233.22	233.38	230.23	232.79	5557711
2015-12-29	-0.041127	223.62	223.97	222.24	223.65	24062200
2015-12-28	-0.002175	223.14	226.32	222.77	223.24	60397596
2015-12-25	-0.004896	222.05	223.89	219.21	222.26	14845754
2015-12-24	-0.032293	214.88	217.02	213.08	215.17	11854226
2015-12-23	0.067553	229.39	230.90	229.30	230.05	92275453
2015-12-22	-0.026763	223.25	225.09	222.52	223.95	46816439
2015-12-21	0.015845	226.79	228.50	222.72	227.82	73216168
2015-12-18	-0.048647	215.76	218.93	213.84	217.07	88229132
2015-12-17	-0.021456	211.13	211.48	209.89	212.93	64069758
2015-12-16	0.007056	212.62	215.35	211.60	211.59	72529932
2015-12-15	-0.011610	210.15	210.61	205.61	211.22	52547421
2015-12-14	0.044993	219.60	219.72	219.43	220.10	66221721
2015-12-11	-0.007876	217.87	218.85	216.91	217.59	2539501
2015-12-10	-0.000044	217.86	220.91	217.04	218.81	30689185
2015-12-09	-0.004199	216.95	217.79	215.90	218.14	55562319
2015-12-08	0.018361	220.93	223.78	219.64	221.56	87079085
2015-12-07	-0.006708	219.45	220.90	214.22	217.04	8064705
2015-12-04	0.002725	220.05	222.71	214.61	219.40	3032765
2015-12-03	-0.018503	215.98	218.91	214.89	216.09	72009511
2015-12-02	-0.021791	211.27	212.30	208.33	210.88	81787458
2015-12-01	-0.040218	202.77	204.01	201.04	202.21	39164730
2015-11-30	-0.004774	201.81	204.06	198.34	200.75	79390905
2015-11-27	0.000883	201.98	202.80	200.78	203.58	25074621
2015-11-26	0.021723	206.37	209.07	203.50	207.31	15475842
2015-11-25	0.010693	208.58	210.94	208.00	207.36	70670617
2015-11-24	0.020064	212.76	214.34	211.30	214.09	59495677
2015-11-23	0.002199	213.23	216.63	213.12	212.57	39215910
2015-11-20	0.013102	216.03	218.00	211.81	217.00	73224940
2015-11-19	-0.009887	213.89	217.50	211.82	214.06	40934631
2015-11-18	-0.024183	208.72	209.74	208.04	209.66	84466015
2015-11-17	0.020595	213.02	218.58	211.60	211.89	5557801
2015-11-16	0.031866	219.80	221.51	216.35	220.34	31689717
2015-11-13	0.021683	224.57	225.25	221.41	224.40	1883000
2015-11-12	0.007283	226.21	227.94	223.98	225.68	83056629
2015-11-11	-0.003719	225.36	227.82	221.88	223.21	30782684
2015-11-10	-0.013728	222.27	223.15	221.76	223.30	97002177
2015-11-09	0.002015	222.72	224.71	221.54	221.81	67759996
2015-11-06	0.018901	226.93	226.97	226.73	226.18	79720970
2015-11-05	0.048921	238.03	240.35	233.55	238.43	86284504
2015-11-04	-0.045787	227.13	227.43	224.23	224.74	67313390
2015-11-03	0.015223	230.59	234.86	227.71	229.38	90925678
2015-11-02	-0.013640	227.44	229.33	225.23	227.59	14184762
2015-10-30	-0.014468	224.15	229.10	221.13	223.74	54824309
2015-10-29	0.003676	224.98	225.45	223.55	225.99	58702919
2015-10-28	0.025298	230.67	232.14	228.86	230.64	44261805
2015-10-27	0.010492	233.09	236.38	232.53	232.04	84950308
2015-10-26	0.014390	236.44	242.70	233.27	235.40	10609207
2015-10-23	0.017344	240.54	243.49	234.94	241.99	11145755
2015-10-22	-0.007786	238.67	241.63	236.68	239.26	39300167
2015-10-21	-0.020534	233.77	234.03	231.89	232.35	88610221
2015-10-20	-0.013677	230.57	232.77	229.79	228.75	1699959
2015-10-19	0.000365	230.66	234.50	229.30	230.53	68687427
2015-10-16	-0.012971	227.66	227.87	227.47	226.74	46286090
2015-10-15	-0.001968	227.22	227.67	226.70	228.07	58163054
2015-10-14	0.012317	230.01	231.53	227.62	230.63	40403021
2015-10-13	0.010019	232.32	233.06	229.70	230.36	93429894
2015-10-12	-0.006638	230.78	235.68	229.87	231.06	39353013
2015-10-09	-0.000421	230.68	233.11	229.22	229.73	39220959
2015-10-08	-0.013153	227.65	229.52	227.57	227.82	57256812
2015-10-07	-0.015315	224.16	224.55	223.61	224.22	86523439
2015-10-06	0.007473	225.83	228.83	222.23	226.70	56734202
2015-10-05	-0.039455	216.92	218.72	214.29	215.16	78262975
2015-10-02	-0.021808	212.19	212.33	211.64	212.01	86705713
2015-10-01	0.044556	221.65	222.92	220.19	222.78	96007078
2015-09-30	0.018428	225.73	229.78	225.64	227.57	11885281
2015-09-29	0.008683	227.69	229.35	227.27	228.71	40813444
2015-09-28	0.008738	229.68	231.70	229.31	228.70	77840646
2015-09-25	0.003243	230.43	232.25	228.41	233.28	16237178
2015-09-24	0.016451	234.22	236.20	233.32	235.72	9760593
2015-09-23	-0.010585	231.74	234.70	229.04	231.24	60017222
2015-09-22	-0.008896	229.68	232.91	228.52	230.43	93177353
2015-09-21	-0.000360	229.59	230.28	227.23	231.75	2208715
2015-09-18	0.003685	230.44	234.19	229.05	230.54	32011778
2015-09-17	0.046903	241.25	245.85	241.17	242.73	63853042
2015-09-16	0.024534	247.17	252.42	245.31	249.00	65088974
2015-09-15	-0.026468	240.63	242.39	238.38	241.56	21750668
2015-09-14	-0.016017	236.77	238.47	235.10	237.90	29686310
2015-09-11	-0.031376	229.34	232.29	225.36	227.97	73903758
2015-09-10	-0.010973	226.83	227.84	224.57	229.11	24945474
2015-09-09	-0.010511	224.44	226.17	221.62	225.20	9811934
2015-09-08	0.031964	231.62	232.27	230.19	232.73	60130619
2015-09-07	0.003392	232.40	235.60	231.55	232.71	94075344
2015-09-04	0.016244	236.18	238.37	233.51	236.29	38629718
2015-09-03	-0.022362	230.89	232.40	228.81	231.27	86612802
2015-09-02	-0.003054	230.19	230.54	229.34	231.27	2641269
2015-09-01	0.043073	240.10	245.93	238.63	239.36	17925150
2015-08-31	0.000476	240.22	240.64	238.40	238.73	97359396
2015-08-28	0.002072	240.72	244.15	239.18	240.48	60355021
2015-08-27	0.006936	242.39	243.00	240.18	241.00	57171563
2015-08-26	0.039159	251.88	252.33	249.21	251.49	69075322
2015-08-25	-0.008470	249.74	252.72	248.77	249.08	38534783
2015-08-24	-0.038916	240.03	240.03	238.04	240.61	12305024
2015-08-21	-0.016373	236.10	237.27	233.92	236.99	88649101
2015-08-20	-0.032350	228.46	231.06	225.70	227.52	81831431
2015-08-19	-0.000932	228.24	229.78	227.13	231.20	36712508
2015-08-18	-0.017745	224.19	230.10	222.57	224.74	49093010
2015-08-17	-0.010736	221.79	223.49	221.42	221.23	11619889
2015-08-14	-0.030467	215.03	220.30	211.17	215.95	86403968
2015-08-13	-0.008912	213.11	215.68	213.09	212.80	49229750
2015-08-12	0.026003	218.66	220.73	217.77	218.14	72134190
2015-08-11	0.007014	220.19	221.78	217.03	221.24	41915223
2015-08-10	-0.016197	216.62	221.86	211.48	216.31	18360068
2015-08-07	-0.013364	213.73	213.99	212.06	214.49	94305482
2015-08-06	0.014438	216.81	221.02	214.25	215.49	79668287
2015-08-05	0.015229	220.12	224.64	218.32	220.07	85876357
2015-08-04	0.028845	226.46	230.49	223.95	226.35	95015344
2015-08-03	-0.007654	224.73	225.40	223.40	224.75	67595510
2015-07-31	-0.023369	219.48	221.19	217.73	218.43	6671785
2015-07-30	0.013369	222.41	223.62	221.70	221.71	87624763
2015-07-29	-0.008394	220.55	223.15	220.52	221.02	59853212
2015-07-28	-0.046063	210.39	211.83	209.89	210.45	67990680
2015-07-27	0.004324	211.30	211.33	208.08	210.23	53462276
2015-07-24	-0.005560	210.12	211.17	209.69	211.28	41342868
2015-07-23	-0.038603	202.01	202.87	199.22	201.67	71899427
2015-07-22	-0.014648	199.05	199.29	198.96	198.97	34059795
2015-07-21	0.023407	203.71	207.14	199.90	202.74	46700315
2015-07-20	-0.012984	201.07	204.82	199.15	201.00	73894709
2015-07-17	-0.004717	200.12	201.26	197.12	201.23	85566098
2015-07-16	0.004680	201.05	201.15	196.91	201.00	79144539
2015-07-15	-0.000515	200.95	203.32	197.18	198.33	46695856
2015-07-14	-0.019137	197.11	197.47	196.29	197.86	59626929
2015-07-13	0.040224	205.03	205.53	201.09	204.10	3640935
2015-07-10	0.020687	209.28	210.66	207.13	209.62	94940825
2015-07-09	0.021439	213.76	214.54	210.88	213.41	51839391
2015-07-08	-0.002847	213.15	214.89	211.53	212.04	45303491
2015-07-07	-0.015061	209.94	213.97	205.77	208.75	17889812
2015-07-06	-0.011421	207.55	208.10	206.04	209.24	16879720
2015-07-03	0.002439	208.05	213.76	206.17	207.61	89520781
2015-07-02	-0.047898	198.09	198.28	197.52	197.61	20870459
2015-07-01	0.015695	201.20	202.21	196.24	200.60	37593160
2015-06-30	0.010339	203.28	206.22	203.16	203.43	49205303
2015-06-29	-0.032354	196.70	198.06	191.71	195.75	91872361
2015-06-26	-0.013133	194.12	194.63	192.99	194.07	88343825
2015-06-25	0.003260	194.75	199.44	193.48	194.27	4132582
2015-06-24	0.031708	200.92	202.45	200.59	201.89	4179112
2015-06-23	0.005838	202.10	202.28	200.73	201.61	47782330
2015-06-22	0.018447	205.82	206.04	204.90	206.03	51814415
2015-06-19	-0.002418	205.33	206.26	204.49	204.28	12081846
2015-06-18	0.001409	205.62	210.65	203.87	203.93	97298541
2015-06-17	0.002779	206.19	208.24	204.04	205.41	97854614
2015-06-16	0.000599	206.31	207.42	204.26	206.47	46224262
2015-06-15	0.021744	210.80	213.19	209.83	212.30	90890373
2015-06-12	0.026497	216.38	217.32	216.32	215.80	94837940
2015-06-11	-0.000897	216.19	217.72	214.93	216.68	92711552
2015-06-10	-0.023036	211.21	214.65	208.35	213.12	67240746
2015-06-09	-0.033041	204.23	205.15	204.01	205.75	81135639
2015-06-08	0.018997	208.11	209.09	205.53	208.41	84282011
2015-06-05	0.019769	212.22	213.03	210.08	210.96	97834059
2015-06-04	0.002431	212.74	212.91	211.02	213.24	63546045
2015-06-03	0.036955	220.60	223.60	219.71	220.77	94413181
2015-06-02	0.012148	223.28	223.52	221.42	224.35	27033755
2015-06-01	0.039916	232.19	232.42	228.56	232.13	97000864
2015-05-29	-0.004724	231.10	231.29	229.48	232.06	69468706
2015-05-28	0.030885	238.23	240.76	235.21	237.60	3979565
2015-05-27	-0.005178	237.00	238.47	235.58	237.61	72279147
2015-05-26	0.020888	241.95	244.95	241.29	242.35	71889446
2015-05-25	-0.035277	233.42	238.93	232.34	234.18	75053972
2015-05-22	-0.003938	232.50	234.14	229.08	233.08	86844981
2015-05-21	0.002646	233.11	233.73	231.17	230.91	13651333
2015-05-20	-0.013114	230.05	232.35	230.00	231.32	59312623
2015-05-19	0.008870	232.10	236.42	229.18	232.29	15899729
2015-05-18	0.017575	236.17	238.62	235.75	236.84	33356208
2015-05-15	0.017147	240.22	240.34	237.53	239.75	1510837
2015-05-14	0.006223	241.72	244.27	240.02	243.38	91591380
2015-05-13	0.007787	243.60	244.66	242.75	243.17	13715332
2015-05-12	0.014171	247.05	247.67	245.95	245.70	9230686
2015-05-11	-0.024113	241.10	242.58	240.14	240.37	19541848
2015-05-08	-0.018338	236.67	237.40	234.59	238.00	12034377
2015-05-07	0.028998	243.54	243.94	241.20	245.64	73060339
2015-05-06	-0.010924	240.88	246.34	240.34	239.74	70843029
2015-05-05	-0.000922	240.66	243.04	240.26	243.04	60681296
2015-05-04	-0.004876	239.48	239.87	235.71	240.66	66900218
2015-05-01	-0.027690	232.85	234.67	232.56	231.82	42055890
2015-04-30	0.016151	236.61	236.96	232.36	236.23	53835796
2015-04-29	0.016610	240.54	243.27	239.35	242.66	13334045
2015-04-28	0.002112	241.05	243.12	239.70	241.06	58034840
2015-04-27	0.016285	244.97	245.30	243.58	246.44	94300779
2015-04-24	0.001252	245.28	246.19	245.15	246.40	40456194
2015-04-23	-0.036160	236.41	236.48	234.41	238.31	79200742
2015-04-22	-0.010179	234.01	237.74	233.96	235.08	8122254
2015-04-21	-0.001585	233.63	234.98	229.91	233.82	9211918
2015-04-20	0.023686	239.17	240.95	235.46	239.77	87453466
2015-04-17	-0.012618	236.15	243.00	233.30	237.52	67092389
2015-04-16	-0.001040	235.91	236.08	235.22	236.12	80344584
2015-04-15	-0.002401	235.34	236.36	234.57	236.45	91380292
2015-04-14	0.023868	240.96	241.77	240.36	240.77	6539087
2015-04-13	0.000398	241.05	242.16	238.89	239.88	19237896
2015-04-10	-0.010411	238.54	240.78	238.01	237.53	16635997
2015-04-09	0.029646	245.61	247.09	241.42	245.65	67643212
2015-04-08	-0.008703	243.48	243.57	241.35	244.36	34369491
2015-04-07	-0.016978	239.34	243.05	236.43	240.39	29114444
2015-04-06	0.021820	244.57	244.69	243.25	244.97	22494639
2015-04-03	0.011302	247.33	249.00	246.30	246.84	40109375
2015-04-02	-0.018141	242.84	245.52	241.40	242.93	97542648
2015-04-01	-0.015701	239.03	242.42	236.90	241.79	7024544
2015-03-31	0.008812	241.14	242.22	235.05	241.92	92018409
2015-03-30	-0.026006	234.86	235.00	232.65	236.08	87568872
2015-03-27	-0.007586	233.08	233.75	231.89	234.10	21679133
2015-03-26	0.017881	237.25	237.99	236.05	237.26	67260171
2015-03-25	0.006063	238.69	240.07	237.14	237.09	96839721
2015-03-24	0.022505	244.06	244.19	240.95	244.63	40720547
2015-03-23	-0.029525	236.86	237.01	234.90	237.66	33417731
2015-03-20	0.013802	240.12	242.01	239.93	239.83	57830785
2015-03-19	-0.027944	233.41	237.53	232.81	235.02	60402598
2015-03-18	0.020070	238.10	238.75	237.85	238.10	50237555
2015-03-17	0.014647	241.59	242.28	238.75	243.47	17035863
2015-03-16	0.008081	243.54	244.58	240.88	243.14	26878647
2015-03-13	0.023746	249.32	252.04	243.46	248.14	13867424
2015-03-12	-0.008453	247.21	249.40	244.60	247.90	44264118
2015-03-11	0.000519	247.34	247.54	246.07	248.34	65334421
2015-03-10	-0.031420	239.57	245.67	237.10	239.22	66211001
2015-03-09	0.008262	241.55	244.88	240.29	243.48	18836998
2015-03-06	-0.025607	235.36	241.63	229.83	235.69	33369722
2015-03-05	-0.021810	230.23	234.19	228.75	233.33	53424032
2015-03-04	-0.002361	229.69	230.38	229.12	229.01	10333923
2015-03-03	0.015232	233.19	233.73	231.46	233.84	43890296
2015-03-02	-0.008011	231.32	233.51	229.77	232.05	44322654
2015-02-27	0.011800	234.05	236.39	233.27	233.74	89270782
2015-02-26	-0.017423	229.97	232.88	229.93	231.18	18665151
2015-02-25	-0.005423	228.72	230.52	226.13	229.06	49028194
2015-02-24	-0.016582	224.93	225.15	223.61	225.12	72739516
2015-02-23	-0.044173	214.99	215.58	212.87	213.97	67981459
2015-02-20	0.011798	217.53	221.13	216.97	216.83	49238260
2015-02-19	-0.040424	208.74	210.76	208.63	207.20	18942501
2015-02-18	0.003305	209.43	210.87	206.43	210.12	8168854
2015-02-17	0.010536	211.63	212.65	210.82	213.62	97924713
2015-02-16	0.013014	214.39	218.36	212.88	213.56	26579519
2015-02-13	-0.000696	214.24	215.16	211.39	212.31	84845278
2015-02-12	0.000783	214.41	215.21	212.15	214.27	12533219
2015-02-11	-0.003119	213.74	214.36	213.61	212.76	51307034
2015-02-10	-0.021903	209.06	209.48	207.36	208.91	40335200
2015-02-09	0.003786	209.85	210.05	205.97	209.26	74839490
2015-02-06	-0.005109	208.78	210.03	208.31	208.97	81719523
2015-02-05	0.017270	212.38	213.11	210.45	212.62	38362829
2015-02-04	0.007385	213.95	217.59	212.53	215.22	2678629
2015-02-03	0.013192	216.77	217.29	213.10	216.04	55811184
2015-02-02	-0.000638	216.63	217.16	215.86	215.68	62217012
2015-01-30	0.007460	218.25	220.63	215.60	219.35	35478747
2015-01-29	-0.008447	216.41	218.20	215.72	217.31	9756764
2015-01-28	0.022279	221.23	222.34	218.58	222.39	32593186
2015-01-27	0.012813	224.06	225.15	219.93	223.46	38095374
2015-01-26	-0.001786	223.66	224.78	222.46	224.25	53192545
2015-01-23	-0.007742	221.93	222.21	219.75	221.10	46550312
2015-01-22	-0.002903	221.29	225.32	219.97	222.59	42599157
2015-01-21	-0.022532	216.30	219.47	214.79	217.66	87669427
2015-01-20	0.009706	218.40	219.28	218.33	219.80	5529068
2015-01-19	-0.015665	214.98	215.56	214.04	214.98	88013042
2015-01-16	0.023497	220.03	220.68	218.88	219.38	23055697
2015-01-15	-0.010213	217.78	220.28	217.70	219.12	9723448
2015-01-14	0.019396	222.01	225.22	219.27	222.88	12541628
2015-01-13	-0.036638	213.87	214.13	212.49	213.04	45037082
2015-01-12	-0.021965	209.18	210.82	205.88	210.07	70314835
2015-01-09	0.017398	212.81	213.62	210.88	214.05	54908459
2015-01-08	0.020761	217.23	218.78	216.93	217.65	83151849
2015-01-07	-0.017784	213.37	214.57	212.01	215.53	20755695
2015-01-06	0.009513	215.40	218.65	212.20	216.86	11508820
2015-01-05	-0.034743	207.92	211.80	207.67	208.19	10806220
2015-01-02	-0.001043	207.70	207.95	206.68	206.11	81432303
2015-01-01	0.006160	208.98	209.75	207.45	208.40	20311559
2014-12-31	-0.023201	204.13	204.83	203.99	205.19	16930489
2014-12-30	-0.027904	198.43	199.17	195.78	198.11	77733722
2014-12-29	-0.001923	198.05	199.12	196.71	199.51	55368950
2014-12-26	0.010993	200.23	201.09	197.29	200.16	79197337
2014-12-25	0.031156	206.47	208.61	203.00	204.81	33925370
2014-12-24	-0.011474	204.10	207.02	201.12	203.48	24815120
2014-12-23	0.025307	209.26	210.52	207.12	209.75	73592055
2014-12-22	0.001317	209.54	211.04	208.98	210.44	35227775
2014-12-19	0.007250	211.06	212.08	209.12	212.55	98170628
2014-12-18	0.021616	215.62	219.37	212.87	214.47	20171487
2014-12-17	0.012761	218.37	220.95	218.18	218.07	20696038
2014-12-16	0.004651	219.39	221.25	219.34	218.89	6349536
2014-12-15	0.009485	221.47	224.96	214.92	220.40	58644302
2014-12-12	-0.000530	221.35	222.27	219.29	222.20	86676591
2014-12-11	0.023690	226.60	227.06	221.86	227.05	19039540
2014-12-10	0.011584	229.22	229.40	228.77	229.77	46433823
2014-12-09	0.033355	236.87	238.03	235.61	237.44	37763214
2014-12-08	-0.015146	233.28	235.34	232.97	231.66	1001573
2014-12-05	0.024110	238.90	239.68	238.18	238.75	20921518
2014-12-04	0.001525	239.27	240.87	238.13	239.93	68057568
2014-12-03	-0.013797	235.97	238.80	235.80	234.94	64770985
2014-12-02	-0.023848	230.34	231.76	229.75	229.59	73276723
2014-12-01	0.011670	233.03	233.93	231.40	231.03	78344560
2014-11-28	-0.014541	229.64	229.76	228.60	229.97	70034441
2014-11-27	0.009053	231.72	232.13	231.51	231.77	62342869
2014-11-26	0.015175	235.23	241.62	233.11	235.35	64964730
2014-11-25	-0.008785	233.17	235.36	231.26	234.22	89369905
2014-11-24	-0.003421	232.37	233.12	232.03	230.76	31064158
2014-11-21	0.028071	238.89	240.88	237.82	238.33	94754173
2014-11-20	-0.001809	238.46	240.86	238.26	238.32	64630896
2014-11-19	-0.015743	234.71	234.89	231.52	236.32	44965015
2014-11-18	-0.008656	232.67	233.69	230.80	233.07	5491545
2014-11-17	0.030212	239.70	243.14	239.39	240.10	69098913
2014-11-14	-0.001664	239.30	240.03	238.41	240.95	92997244
2014-11-13	-0.001364	238.98	240.85	238.22	238.75	59121071
2014-11-12	0.000101	239.00	241.69	238.77	240.03	52789567
2014-11-11	0.014099	242.37	245.77	240.41	243.78	74855955
2014-11-10	-0.003965	241.41	243.00	238.03	240.40	25031577
2014-11-07	-0.012894	238.30	239.61	235.85	238.88	79367441
2014-11-06	0.010013	240.68	241.51	237.77	242.74	51202187
2014-11-05	0.013263	243.88	245.32	241.71	245.90	22172871
2014-11-04	-0.007032	242.16	242.31	238.38	242.74	36657595
2014-11-03	-0.055750	228.66	230.59	225.78	227.36	26722780
2014-10-31	0.009739	230.89	233.07	226.28	230.72	27591962
2014-10-30	0.027619	237.27	240.80	233.45	236.74	91217964
2014-10-29	-0.025641	231.18	235.28	228.86	229.93	80413423
2014-10-28	0.015283	234.71	235.25	234.09	235.08	2861151
2014-10-27	0.006087	236.14	237.30	233.03	234.56	56135929
2014-10-24	-0.000254	236.08	236.25	234.69	237.17	23752837
2014-10-23	-0.007455	234.32	237.50	234.07	233.38	64637224
2014-10-22	-0.052287	222.07	222.24	221.33	222.18	16855980
2014-10-21	0.022376	227.04	228.38	224.02	226.16	52477471
2014-10-20	-0.011614	224.40	227.12	222.47	225.06	23526563
2014-10-17	-0.032586	217.09	218.71	212.54	215.70	93189353
2014-10-16	-0.021717	212.38	216.20	211.22	210.94	65617315
2014-10-15	-0.002033	211.94	213.15	209.50	212.21	61612414
2014-10-14	0.002825	212.54	214.86	212.43	211.71	56041927
2014-10-13	0.032852	219.53	220.86	217.87	219.80	87519102
2014-10-10	-0.012062	216.88	218.78	216.57	218.47	82984026
2014-10-09	-0.006632	215.44	217.73	214.72	214.99	70426401
2014-10-08	0.012192	218.07	218.43	217.87	217.83	59374961
2014-10-07	-0.000071	218.05	222.02	215.88	218.92	79593250
2014-10-06	-0.013903	215.02	216.98	211.41	215.89	58032557
2014-10-03	-0.013088	212.20	212.68	211.57	210.86	69966245
2014-10-02	-0.011444	209.78	211.59	208.87	208.58	89846671
2014-10-01	-0.007728	208.16	208.98	207.63	210.16	47862014
2014-09-30	0.002056	208.58	209.54	206.90	208.79	21870520
2014-09-29	0.030335	214.91	215.86	211.75	216.57	21175861
2014-09-26	0.015020	218.14	221.22	216.29	218.20	89066516
2014-09-25	-0.026690	212.32	214.23	209.67	210.99	46110043
2014-09-24	0.009157	214.26	215.85	213.56	214.46	67446343
2014-09-23	0.014447	217.36	218.15	214.79	216.54	88662508
2014-09-22	0.004802	218.40	220.73	214.24	219.96	37260938
2014-09-19	-0.014337	215.27	216.41	212.29	215.30	68232016
2014-09-18	-0.022102	210.51	213.12	209.35	210.69	2959207
2014-09-17	0.012606	213.16	215.52	212.49	212.41	75243186
2014-09-16	0.011773	215.67	216.31	214.58	215.05	14079924
2014-09-15	0.028068	221.73	222.92	219.78	218.19	69088251
2014-09-12	0.044123	231.51	233.12	229.79	229.97	79093595
2014-09-11	0.022589	236.74	239.84	233.43	236.77	60442505
2014-09-10	0.016346	240.61	240.69	238.63	239.60	36123118
2014-09-09	-0.005371	239.32	244.18	236.54	238.54	56504606
2014-09-08	-0.012326	236.37	237.99	235.65	235.28	35990247
2014-09-05	0.005953	237.77	239.34	236.92	237.43	72769981
2014-09-04	-0.000067	237.76	238.91	236.35	238.07	32250652
2014-09-03	-0.033005	229.91	233.88	228.72	229.40	49779981
2014-09-02	-0.003452	229.12	231.28	226.49	228.50	9988227
2014-09-01	-0.005629	227.83	231.28	222.56	228.39	43892338
2014-08-29	0.006499	229.31	231.56	229.09	227.61	87480399
2014-08-28	-0.009441	227.14	228.36	225.13	228.32	18686512
2014-08-27	-0.011972	224.42	226.42	221.54	225.60	75802430
2014-08-26	0.029170	230.97	232.85	230.46	230.15	96339752
2014-08-25	-0.009753	228.72	230.80	226.52	228.00	18346977
2014-08-22	-0.011067	226.19	227.32	225.76	226.01	8713474
2014-08-21	-0.001513	225.85	230.00	225.17	226.97	46189462
2014-08-20	0.010953	228.32	229.68	228.27	229.18	69351122
2014-08-19	0.006954	229.91	231.47	229.00	229.11	42626315
2014-08-18	-0.035609	221.72	222.51	218.90	221.42	31552480
2014-08-15	0.008473	223.60	224.08	222.16	221.87	65591101
2014-08-14	0.026570	229.54	230.82	226.48	228.58	79094001
2014-08-13	0.003404	230.32	232.13	226.87	230.73	38757325
2014-08-12	0.007870	232.13	233.67	231.08	232.86	38493135
2014-08-11	-0.024455	226.46	229.19	224.65	227.76	83147090
2014-08-08	-0.014332	223.21	226.30	221.93	222.08	26906614
2014-08-07	-0.008163	221.39	223.20	218.66	221.55	16256258
2014-08-06	-0.020855	216.77	217.01	216.69	216.53	8740665
2014-08-05	0.012893	219.57	222.54	217.76	219.28	72452644
2014-08-04	-0.009031	217.58	219.74	216.83	216.94	8847476
2014-08-01	0.005617	218.81	220.63	217.65	216.76	57017309
2014-07-31	-0.036355	210.85	211.64	209.05	210.74	54863365
2014-07-30	0.046651	220.69	223.31	220.62	222.65	56979914
2014-07-29	0.018148	224.69	225.89	223.57	226.18	59639631
2014-07-28	-0.018325	220.58	223.28	218.00	219.55	43058211
2014-07-25	-0.003557	219.79	220.21	219.70	219.58	7895066
2014-07-24	0.012874	222.62	224.04	220.86	222.07	81828558
2014-07-23	-0.002758	222.01	223.60	218.16	219.91	33686971
2014-07-22	-0.034630	214.32	214.47	212.40	215.36	74863745
2014-07-21	-0.027954	208.33	209.06	204.67	207.13	33889814
2014-07-18	-0.010760	206.09	208.20	203.86	205.90	65250111
2014-07-17	-0.000446	205.99	206.58	203.11	206.79	61110590
2014-07-16	0.002751	206.56	209.11	204.22	207.42	35953183
2014-07-15	-0.023262	201.76	204.28	197.87	204.27	51354909
2014-07-14	-0.010136	199.71	200.31	199.52	199.74	37784493
2014-07-11	0.008326	201.37	203.12	200.26	200.48	12053101
2014-07-10	0.007280	202.84	203.70	200.58	203.21	62833693
2014-07-09	-0.006332	201.56	203.34	199.22	199.83	49823767
2014-07-08	0.035336	208.68	210.08	206.36	209.55	88055851
2014-07-07	-0.038940	200.55	203.28	198.34	199.31	21752385
2014-07-04	0.010282	202.61	205.65	202.60	202.26	40027293
2014-07-03	0.040817	210.88	212.38	210.15	210.27	26958964
2014-07-02	0.021801	215.48	216.02	214.66	214.06	96711256
2014-07-01	-0.003261	214.78	216.28	212.87	214.54	27389628
2014-06-30	-0.002508	214.24	216.38	212.69	215.85	91566987
2014-06-27	0.008796	216.12	217.85	215.45	217.11	25539235
2014-06-26	0.033734	223.41	225.79	219.51	223.27	94850918
2014-06-25	-0.018304	219.33	221.24	218.23	218.75	75415506
2014-06-24	0.003946	220.19	221.84	219.67	219.01	73057064
2014-06-23	0.039651	228.92	230.65	225.02	227.94	43177845
2014-06-20	-0.010757	226.46	229.05	222.12	226.52	66235706
2014-06-19	-0.013866	223.32	225.00	222.50	221.65	71044223
2014-06-18	-0.001108	223.07	224.57	221.23	225.25	69130882
2014-06-17	-0.002920	222.42	225.42	218.50	223.32	37002955
2014-06-16	0.003154	223.12	223.93	220.73	221.55	56828902
2014-06-13	-0.009426	221.02	221.91	219.23	221.65	34068890
2014-06-12	-0.011030	218.58	223.48	214.29	218.71	54823160
2014-06-11	0.005568	219.80	222.49	217.44	219.94	87305085
2014-06-10	0.004245	220.73	221.45	219.86	221.21	91342016
2014-06-09	0.002848	221.36	222.66	220.17	221.49	59078514
2014-06-06	0.008089	223.15	227.01	221.91	223.18	28088014
2014-06-05	0.050855	234.50	235.17	234.12	235.51	60909221
2014-06-04	-0.001886	234.06	237.55	233.19	233.25	15294298
2014-06-03	-0.001270	233.76	236.06	231.26	234.47	66771865
2014-06-02	0.020723	238.60	239.77	235.71	237.46	50582464
2014-05-30	-0.022336	233.27	234.60	231.88	235.55	30700486
2014-05-29	0.032981	240.97	241.84	240.49	240.44	21083673
2014-05-28	0.022555	246.40	248.07	244.58	247.50	84575824
2014-05-27	-0.017658	242.05	242.37	241.99	242.63	4473872
2014-05-26	-0.011327	239.31	240.78	236.05	239.62	43679417
2014-05-23	0.014659	242.82	246.19	241.56	243.74	85385906
2014-05-22	-0.029180	235.73	238.82	233.89	234.89	50549782
2014-05-21	-0.009486	233.50	233.51	232.95	232.20	14824142
2014-05-20	0.001780	233.91	234.06	227.46	233.77	77590243
2014-05-19	0.035173	242.14	245.05	240.55	242.81	39417207
2014-05-16	0.013202	245.34	245.34	244.41	244.91	29372496
2014-05-15	0.018070	249.77	251.72	249.10	250.69	84730044
2014-05-14	0.008277	251.84	253.74	247.04	252.41	34859587
2014-05-13	-0.009797	249.37	250.70	246.29	248.77	18574181
2014-05-12	-0.023705	243.46	244.48	241.38	243.65	33641496
2014-05-09	-0.009467	241.15	242.90	239.25	241.53	46096408
2014-05-08	-0.022924	235.62	237.99	232.76	235.99	78419956
2014-05-07	0.001717	236.03	239.15	234.87	234.70	80641634
2014-05-06	-0.001170	235.75	237.40	234.85	234.29	50734936
2014-05-05	0.033217	243.58	244.61	241.44	244.61	37923850
2014-05-02	-0.034539	235.17	237.01	233.01	234.91	5162206
2014-05-01	-0.001655	234.78	235.64	231.03	234.33	63904752
2014-04-30	0.016461	238.65	239.86	237.21	238.04	27149743
2014-04-29	-0.043186	228.34	230.12	224.24	229.35	14725997
2014-04-28	-0.028165	221.91	222.52	221.84	221.70	71641291
2014-04-25	0.014533	225.13	229.82	224.43	225.69	60934050
2014-04-24	-0.004410	224.14	225.63	223.56	222.03	43063903
2014-04-23	-0.046619	213.69	214.13	211.76	212.99	31212898
2014-04-22	0.006069	214.99	215.99	214.73	216.90	87339517
2014-04-21	-0.012342	212.34	213.02	211.55	212.26	1609290
2014-04-18	0.002338	212.83	214.63	210.37	212.63	33114178
2014-04-17	-0.018176	208.96	213.10	208.02	207.96	26980822
2014-04-16	-0.029297	202.84	203.13	202.02	203.47	70428002
2014-04-15	0.019168	206.73	212.71	202.69	206.88	34317363
2014-04-14	0.000445	206.82	208.57	206.37	207.47	91993577
2014-04-11	-0.048107	196.87	198.52	196.67	196.44	46783611
2014-04-10	-0.021931	192.55	196.19	191.69	193.30	29515455
2014-04-09	0.034736	199.24	199.60	198.85	200.02	70231536
2014-04-08	-0.000670	199.11	201.53	195.55	200.34	62128950
2014-04-07	-0.003164	198.48	199.16	196.76	198.33	31855123
2014-04-04	-0.026953	193.13	194.96	191.16	194.02	96147730
2014-04-03	0.029636	198.85	199.42	198.46	197.79	60266899
2014-04-02	-0.027149	193.45	194.75	190.59	193.41	41778612
2014-04-01	0.005621	194.54	195.25	194.11	194.50	6360921
2014-03-31	0.002627	195.05	196.98	192.95	194.77	20981844
2014-03-28	-0.026426	189.90	193.85	187.87	189.07	86322504
2014-03-27	-0.041079	182.10	182.27	180.36	179.43	27737036
2014-03-26	0.039029	189.20	190.27	187.18	190.42	90506486
2014-03-25	0.003243	189.82	192.08	188.70	191.43	21657631
2014-03-24	-0.022955	185.46	187.84	184.44	186.28	39329934
2014-03-21	0.000734	185.60	186.57	185.03	185.29	43177358
2014-03-20	0.015421	188.46	188.51	188.08	188.75	78433742
2014-03-19	0.009074	190.17	190.31	189.82	189.16	50406501
2014-03-18	-0.021101	186.16	188.53	184.07	184.67	55568423
2014-03-17	0.007087	187.48	189.92	186.95	187.34	62324947
2014-03-14	0.002311	187.91	189.00	185.11	188.45	80897779
2014-03-13	0.007924	189.40	194.01	187.90	190.65	94258155
2014-03-12	0.006592	190.65	192.88	187.33	191.76	1431859
2014-03-11	-0.018496	187.12	191.10	186.04	186.73	99025433
2014-03-10	-0.009195	185.40	185.95	184.62	185.80	13020168
2014-03-07	0.023565	189.77	190.99	189.38	189.27	80054674
2014-03-06	-0.026139	184.81	184.93	184.00	186.54	35263501
2014-03-05	0.003158	185.39	186.60	185.01	186.66	34628083
2014-03-04	-0.007958	183.92	184.54	181.61	183.22	51440960
2014-03-03	0.001179	184.13	184.84	184.05	183.66	41498131
2014-02-28	0.015820	187.05	188.54	186.50	187.02	28029899
2014-02-27	-0.006713	185.79	186.87	184.88	186.37	7736452
2014-02-26	0.020822	189.66	189.68	187.75	190.27	62761727
2014-02-25	0.028254	195.02	197.81	194.38	194.54	65413379
2014-02-24	-0.001683	194.69	195.47	194.50	193.69	25290276
2014-02-21	0.010763	196.79	200.30	193.78	197.36	6849416
2014-02-20	-0.020609	192.73	193.39	188.47	193.53	82276834
2014-02-19	-0.036086	185.78	186.89	185.27	188.27	92628129
2014-02-18	0.023897	190.21	190.92	188.40	189.55	42659449
2014-02-17	0.007043	191.55	192.09	190.98	191.58	67206630
2014-02-14	-0.000894	191.38	193.62	190.94	190.01	36408056
2014-02-13	0.006182	192.57	196.65	191.44	192.55	20703304
2014-02-12	-0.000402	192.49	194.42	190.56	191.80	99371700
2014-02-11	-0.007991	190.95	191.60	190.48	192.10	66398798
2014-02-10	-0.010612	188.92	190.12	187.54	189.45	26393252
2014-02-07	-0.002471	188.46	189.94	187.86	188.54	76385430
2014-02-06	0.015178	191.32	194.41	189.99	192.69	45308139
2014-02-05	0.000294	191.37	191.43	190.30	190.73	14868795
2014-02-04	0.011306	193.54	194.78	192.18	194.52	5671304
2014-02-03	0.009078	195.30	196.10	193.46	195.47	41457866
2014-01-31	0.015795	198.38	200.15	197.42	199.10	86094750
2014-01-30	-0.013014	195.80	197.48	195.03	195.48	47976250
2014-01-29	-0.006095	194.60	196.10	193.17	194.46	15275713
2014-01-28	-0.041119	186.60	188.71	186.28	186.80	88028792
2014-01-27	-0.011940	184.37	186.85	183.57	184.64	1219315
2014-01-24	-0.026310	179.52	180.75	175.77	180.00	74353063
2014-01-23	-0.027292	174.62	175.52	174.53	173.91	82713969
2014-01-22	-0.000597	174.52	175.74	173.47	175.04	65193071
2014-01-21	0.011865	176.59	177.66	175.47	176.81	19716879
2014-01-20	-0.001585	176.31	179.24	175.44	177.96	20527595
2014-01-17	-0.014653	173.73	174.65	170.87	173.19	4693890
2014-01-16	-0.001155	173.53	174.91	170.23	174.93	31353723
2014-01-15	-0.009923	171.80	172.04	169.58	171.67	64297362
2014-01-14	0.014615	174.32	177.82	174.28	173.65	80022058
2014-01-13	-0.010995	172.40	173.03	170.22	172.32	61163075
2014-01-10	-0.008864	170.87	172.63	168.96	171.57	46932786
2014-01-09	-0.038412	164.31	167.93	161.86	164.84	4364297
2014-01-08	0.005632	165.23	167.03	164.71	165.70	42390276
2014-01-07	0.001017	165.40	166.46	163.31	165.49	55078753
2014-01-06	-0.034883	159.63	160.95	159.60	160.32	48778811
2014-01-03	0.014600	161.96	162.47	161.56	162.43	29850293
2014-01-02	0.010824	163.71	164.95	160.36	164.06	9172259
