2016-01-01	-0.002200	213.04	213.18	212.32	212.60	66604244
2015-12-31	0.010419	215.26	216.86	212.85	215.08	6501948
2015-12-30	-0.006167	213.93	214.76	213.42	214.54	76379308
2015-12-29	-0.030897	207.32	211.02	206.53	208.77	77904711
2015-12-28	0.033963	214.37	217.46	214.06	213.48	63369523
2015-12-25	-0.013255	211.52	212.04	208.45	210.65	36600677
2015-12-24	0.006043	212.80	213.90	212.28	211.63	54829709
2015-12-23	0.000827	212.98	213.21	212.01	213.65	44275258
2015-12-22	-0.031995	206.16	207.13	204.66	205.24	13708760
2015-12-21	-0.009643	204.18	204.36	200.40	203.90	42275795
2015-12-18	-0.017915	200.52	200.68	196.75	201.27	24221989
2015-12-17	0.014050	203.34	204.23	202.88	204.59	3388773
2015-12-16	0.024063	208.23	209.87	207.14	207.98	67597935
2015-12-15	-0.012194	205.69	207.73	204.75	204.36	55375586
2015-12-14	-0.020606	201.45	202.05	201.32	200.06	20992728
2015-12-11	0.013863	204.24	204.42	203.97	204.77	30169644
2015-12-10	-0.022430	199.66	202.22	197.44	200.04	99630904
2015-12-09	-0.008257	198.01	199.44	194.27	196.31	99633712
2015-12-08	0.013532	200.69	202.16	200.38	199.78	85536192
2015-12-07	0.001670	201.03	202.17	197.73	200.53	78777648
2015-12-04	0.015359	204.12	204.90	201.28	205.60	92160818
2015-12-03	0.001431	204.41	205.81	202.75	205.34	62066160
2015-12-02	0.014550	207.38	214.12	207.04	207.28	61749570
2015-12-01	-0.034133	200.30	200.39	199.84	199.64	21089375
2015-11-30	0.030531	206.42	207.73	206.23	206.05	12792160
2015-11-27	-0.017988	202.71	204.58	202.42	203.13	7156283
2015-11-26	-0.011355	200.40	202.08	199.30	199.32	18055315
2015-11-25	0.001217	200.65	204.62	197.91	203.05	68921489
2015-11-24	0.032176	207.10	211.92	205.94	208.08	65745447
2015-11-23	0.001509	207.42	208.09	206.43	207.51	69946848
2015-11-20	-0.030916	201.00	202.61	199.68	200.53	71211534
2015-11-19	0.031484	207.33	207.97	205.99	208.18	42563004
2015-11-18	0.030295	213.61	218.13	212.25	215.12	44624877
2015-11-17	0.006663	215.04	215.13	213.69	216.12	77019706
2015-11-16	-0.013470	212.14	212.99	208.17	212.98	15043457
2015-11-13	0.059879	224.84	227.39	222.98	226.25	40622744
2015-11-12	0.027572	231.04	232.85	230.12	231.84	52282098
2015-11-11	0.002352	231.59	232.85	230.40	232.05	18882197
2015-11-10	-0.020887	226.75	228.49	226.53	228.67	12593259
2015-11-09	0.050639	238.23	238.38	238.05	238.84	46532782
2015-11-06	-0.015704	234.49	235.16	233.58	234.89	41061204
2015-11-05	0.001657	234.88	236.37	234.46	233.74	93674547
2015-11-04	0.000305	234.95	236.42	233.49	236.04	65287852
2015-11-03	-0.027716	228.44	229.79	228.08	228.80	84067142
2015-11-02	-0.019789	223.92	227.18	219.99	225.12	48386552
2015-10-30	0.013979	227.05	229.01	226.40	225.63	38482332
2015-10-29	-0.032150	219.75	221.54	216.17	219.18	93160582
2015-10-28	0.028669	226.05	228.50	222.00	225.53	79696709
2015-10-27	-0.006340	224.62	225.01	221.53	223.31	42697255
2015-10-26	-0.023623	219.31	220.13	218.47	219.66	61364915
2015-10-23	-0.008647	217.41	221.26	217.15	218.15	31610809
2015-10-22	-0.005394	216.24	219.89	213.21	217.47	56359419
2015-10-21	-0.011825	213.68	214.13	208.92	213.05	90500629
2015-10-20	-0.008407	211.89	213.18	211.00	212.75	69885729
2015-10-19	0.014948	215.05	215.20	211.82	216.49	72740123
2015-10-16	0.007233	216.61	217.19	216.45	215.61	88273046
2015-10-15	-0.002523	216.06	218.10	216.03	215.91	17667262
2015-10-14	-0.000015	216.06	220.34	213.32	215.12	8796977
2015-10-13	0.015504	219.41	219.45	218.02	220.59	46197289
2015-10-12	-0.011727	216.84	220.65	214.20	215.91	62868376
2015-10-09	0.009527	218.90	221.43	216.47	219.12	84776102
2015-10-08	0.007057	220.45	220.56	218.06	219.53	83814598
2015-10-07	-0.021993	215.60	215.92	214.41	215.53	44431686
2015-10-06	-0.010893	213.25	213.60	211.67	212.34	17745788
2015-10-05	0.005298	214.38	217.99	212.81	212.79	38297495
2015-10-02	-0.009296	212.39	213.48	207.14	212.17	15408850
2015-10-01	-0.002102	211.94	213.83	209.15	210.71	30689852
2015-09-30	0.012831	214.66	215.61	214.27	214.00	21956391
2015-09-29	0.014022	217.67	219.72	216.30	217.70	75365994
2015-09-28	-0.012297	214.99	215.50	211.50	216.07	46659189
2015-09-25	0.008862	216.90	217.75	211.05	217.96	48095366
2015-09-24	-0.007300	215.32	216.42	213.93	214.73	3115230
2015-09-23	0.026883	221.10	221.17	220.62	221.49	23957565
2015-09-22	0.003581	221.90	221.96	219.65	221.68	94467112
2015-09-21	0.003748	222.73	224.22	221.25	223.56	21890435
2015-09-18	0.027232	228.79	229.93	228.40	229.13	49204044
2015-09-17	0.009532	230.97	233.85	226.99	230.34	23016030
2015-09-16	-0.011219	228.38	231.81	228.00	230.15	26764559
2015-09-15	0.006174	229.79	230.59	229.51	227.96	41980014
2015-09-14	0.017689	233.86	236.08	232.48	236.96	5469057
2015-09-11	-0.028236	227.25	227.62	226.22	227.48	49846224
2015-09-10	0.012790	230.16	232.00	229.01	229.18	58686808
2015-09-09	-0.000685	230.00	233.52	226.91	230.74	20505875
2015-09-08	0.022099	235.09	236.41	230.91	233.89	36988420
2015-09-07	0.039144	244.29	246.88	239.06	241.65	3546289
2015-09-04	0.017900	248.66	249.00	246.76	249.33	55346049
2015-09-03	-0.002063	248.15	248.53	247.96	246.80	47638108
2015-09-02	-0.004574	247.01	248.58	244.78	245.95	54233501
2015-09-01	0.007755	248.93	251.19	247.28	249.42	10618159
2015-08-31	0.019832	253.87	254.13	248.45	251.84	26485920
2015-08-28	-0.007191	252.04	255.22	250.04	250.90	43528343
2015-08-27	-0.002008	251.53	252.40	249.24	253.35	92335719
2015-08-26	-0.006793	249.83	254.01	249.67	249.69	57169090
2015-08-25	-0.033755	241.39	241.62	238.41	239.72	19442625
2015-08-24	0.004279	242.43	243.15	240.02	239.95	48691019
2015-08-21	0.013826	245.78	249.38	243.29	245.93	94357757
2015-08-20	0.011079	248.50	250.31	246.96	247.14	71321448
2015-08-19	-0.016046	244.51	247.51	241.97	244.25	41413142
2015-08-18	0.009028	246.72	252.87	246.25	248.59	78341610
2015-08-17	-0.016868	242.56	243.79	240.47	241.66	85095981
2015-08-14	0.002868	243.25	245.83	240.41	241.70	73332396
2015-08-13	0.010487	245.81	249.80	245.19	245.48	15728686
2015-08-12	-0.016776	241.68	244.11	238.82	239.58	23353367
2015-08-11	0.011875	244.55	244.56	243.40	241.08	36910520
2015-08-10	-0.014194	241.08	244.62	238.47	239.65	85462272
2015-08-07	0.018736	245.60	248.96	245.22	246.64	69101808
2015-08-06	0.005537	246.96	250.46	245.92	246.17	70338656
2015-08-05	-0.023794	241.08	242.25	238.71	242.57	58155014
2015-08-04	0.035318	249.60	251.17	248.71	249.39	16682789
2015-08-03	-0.011125	246.82	249.09	244.87	246.12	66661930
2015-07-31	-0.010615	244.20	248.51	241.29	242.81	18244765
2015-07-30	-0.013884	240.81	241.23	239.96	244.40	67665683
2015-07-29	0.003772	241.72	243.39	239.46	242.94	14265982
2015-07-28	-0.005788	240.32	243.64	238.45	239.62	71120513
2015-07-27	-0.025611	234.16	236.18	231.37	234.45	31907044
2015-07-24	-0.013880	230.91	233.24	225.54	231.68	50522726
2015-07-23	0.006645	232.45	233.71	229.64	232.09	59513005
2015-07-22	-0.033802	224.59	225.61	222.84	225.39	26447975
2015-07-21	0.000014	224.59	230.22	223.50	224.60	72808796
2015-07-20	0.009584	226.74	227.27	225.04	225.96	37927169
2015-07-17	-0.020071	222.19	227.70	219.92	223.60	98618882
2015-07-16	0.002972	222.85	223.77	219.51	222.03	35588674
2015-07-15	-0.000930	222.65	224.34	221.05	223.07	80510888
2015-07-14	0.014886	225.96	226.06	225.47	227.91	1606863
2015-07-13	0.006293	227.38	227.66	222.07	229.16	49822202
2015-07-10	-0.015658	223.82	224.56	223.79	224.49	9580149
2015-07-09	0.012006	226.51	228.77	226.06	224.28	82010387
2015-07-08	0.029521	233.20	237.02	231.99	233.84	76644579
2015-07-07	-0.014464	229.82	231.99	227.62	229.29	50617248
2015-07-06	0.017676	233.89	234.49	233.43	235.35	83262365
2015-07-03	-0.024624	228.13	232.46	226.12	228.01	39123041
2015-07-02	-0.005657	226.84	227.20	222.66	226.39	31285754
2015-07-01	0.002503	227.40	230.75	224.50	227.13	68855795
2015-06-30	-0.004812	226.31	227.38	225.83	226.86	80832032
2015-06-29	-0.018168	222.20	223.44	215.91	222.10	34492880
2015-06-26	-0.031042	215.30	216.91	214.47	216.39	48713105
2015-06-25	0.019508	219.50	223.87	217.50	220.76	25902171
2015-06-24	-0.025102	213.99	216.06	212.28	215.12	62596296
2015-06-23	0.002904	214.61	218.09	213.48	215.13	49019614
2015-06-22	0.012520	217.30	217.48	213.77	216.37	48816362
2015-06-19	-0.007011	215.78	217.62	214.88	217.48	33919119
2015-06-18	0.000045	215.79	215.83	213.77	214.78	93274096
2015-06-17	0.035873	223.53	225.43	221.04	224.77	96368083
2015-06-16	0.000008	223.53	226.39	219.91	224.47	54395417
2015-06-15	0.007134	225.12	229.68	220.75	225.71	90872769
2015-06-12	-0.018546	220.95	223.50	218.56	221.53	84315763
2015-06-11	0.041510	230.12	230.33	228.56	229.93	72351972
2015-06-10	-0.004856	229.00	230.64	223.07	229.98	48313008
2015-06-09	0.017069	232.91	234.05	227.10	234.63	50747913
2015-06-08	0.008037	234.78	237.13	232.26	234.79	62148003
2015-06-05	0.029085	241.61	246.16	240.66	242.39	23181657
2015-06-04	0.006836	243.26	243.51	240.52	245.20	94581843
2015-06-03	0.027825	250.03	250.98	249.48	248.14	90047740
2015-06-02	0.021695	255.46	257.16	253.29	252.66	57893266
2015-06-01	0.033842	264.10	265.57	258.88	265.42	68164853
2015-05-29	0.008690	266.40	267.05	262.00	266.98	45278043
2015-05-28	0.039242	276.85	280.60	276.71	277.44	14626774
2015-05-27	-0.001162	276.53	277.55	275.65	278.67	51635654
2015-05-26	0.014183	280.45	285.72	279.32	278.86	7296579
2015-05-25	-0.032742	271.27	272.77	267.90	273.68	57243122
2015-05-22	0.025517	278.19	279.81	276.44	277.52	15568206
2015-05-21	-0.000402	278.08	278.69	278.02	280.05	39406854
2015-05-20	-0.017384	273.24	276.84	270.81	273.42	24840142
2015-05-19	-0.008223	271.00	271.67	266.99	271.22	15862804
2015-05-18	0.000533	271.14	274.10	270.12	272.27	56630092
2015-05-15	-0.003403	270.22	272.41	267.70	272.38	93010133
2015-05-14	-0.021378	264.44	267.16	262.35	265.04	6147756
2015-05-13	-0.039039	254.12	254.82	251.74	255.32	64677409
2015-05-12	0.016197	258.24	259.98	256.67	257.82	7493997
2015-05-11	0.015937	262.35	264.52	261.52	263.51	19301090
2015-05-08	-0.018618	257.47	258.12	253.59	257.53	68012595
2015-05-07	0.016698	261.77	262.04	257.36	261.48	93172509
2015-05-06	-0.018128	257.02	259.23	254.95	257.35	78484259
2015-05-05	-0.010056	254.44	254.88	252.22	253.90	61157644
2015-05-04	-0.044224	243.18	245.61	242.79	241.01	60070636
2015-05-01	-0.000175	243.14	246.01	242.25	241.73	37549786
2015-04-30	0.022405	248.59	251.04	247.52	247.47	29107811
2015-04-29	0.011452	251.43	252.17	248.28	249.62	37581642
2015-04-28	-0.002779	250.74	255.05	245.41	250.10	24799405
2015-04-27	-0.016785	246.53	249.81	242.57	245.38	53795278
2015-04-24	0.006385	248.10	249.41	247.14	246.87	15691847
2015-04-23	-0.016314	244.05	246.04	242.60	243.51	28534159
2015-04-22	0.012636	247.14	249.40	242.94	247.80	17907587
2015-04-21	-0.012461	244.06	250.34	241.75	242.51	9438202
2015-04-20	-0.001354	243.73	245.96	242.50	241.56	81481607
2015-04-17	0.021555	248.98	251.52	247.82	249.00	52359804
2015-04-16	-0.036244	239.96	239.97	239.90	240.49	80959693
2015-04-15	-0.025701	233.79	235.59	230.55	232.70	3991890
2015-04-14	0.015186	237.34	239.32	234.60	237.57	17688054
2015-04-13	0.006908	238.98	241.71	232.31	240.50	75675848
2015-04-10	0.040781	248.73	253.22	247.31	247.81	35801875
2015-04-09	0.056330	262.74	262.90	262.41	263.96	76377390
2015-04-08	-0.015568	258.65	260.06	256.12	257.74	71326131
2015-04-07	-0.013994	255.03	260.14	251.86	253.71	91502814
2015-04-06	0.001268	255.35	255.69	252.55	255.00	48939758
2015-04-03	0.030352	263.10	263.16	259.58	261.83	56221602
2015-04-02	-0.006206	261.47	262.59	260.67	261.18	26483894
2015-04-01	0.017007	265.92	265.97	265.28	265.61	45363679
2015-03-31	-0.047917	253.17	253.57	247.36	253.48	71072261
2015-03-30	-0.020771	247.91	248.46	247.37	248.04	36718805
2015-03-27	0.026969	254.60	255.68	253.78	256.36	28399492
2015-03-26	0.016847	258.89	261.99	256.91	259.04	43413375
2015-03-25	0.031339	267.00	267.10	266.52	268.92	85956718
2015-03-24	0.019180	272.12	275.09	268.16	273.43	49976930
2015-03-23	-0.002325	271.49	275.45	270.96	269.58	73534150
2015-03-20	0.014571	275.45	275.51	271.77	275.66	91293017
2015-03-19	-0.010918	272.44	276.42	271.22	271.91	40063385
2015-03-18	-0.000766	272.23	277.65	270.56	270.74	93273028
2015-03-17	-0.005703	270.68	271.13	269.94	269.00	20736725
2015-03-16	0.015892	274.98	277.58	274.12	275.03	68667765
2015-03-13	-0.016084	270.56	273.05	266.23	268.41	65252140
2015-03-12	-0.004199	269.42	271.55	269.27	268.57	52211080
2015-03-11	-0.007325	267.45	270.84	260.49	269.28	68583804
2015-03-10	-0.004349	266.29	268.23	265.99	264.43	45010988
2015-03-09	0.009410	268.79	272.50	267.11	267.34	14130265
2015-03-06	-0.035468	259.26	259.83	258.52	259.00	62323915
2015-03-05	0.013459	262.75	263.85	260.01	263.84	64087001
2015-03-04	0.001479	263.14	264.26	258.52	262.56	87419672
2015-03-03	-0.022647	257.18	257.69	256.15	258.02	25877928
2015-03-02	0.022745	263.03	266.06	262.91	261.96	47162660
2015-02-27	-0.005011	261.71	262.19	260.28	263.40	1139668
2015-02-26	-0.012736	258.38	263.37	257.45	256.97	44128758
2015-02-25	0.007337	260.27	262.24	255.88	259.94	73536460
2015-02-24	0.007116	262.12	263.17	259.99	261.83	7181353
2015-02-23	-0.023877	255.86	259.20	255.11	256.77	84836158
2015-02-20	-0.018175	251.21	255.60	250.57	251.39	63006184
2015-02-19	0.042616	261.92	266.12	258.86	262.63	1785367
2015-02-18	-0.011052	259.03	261.33	254.67	255.99	67290086
2015-02-17	0.016104	263.20	267.86	262.28	263.08	9309163
2015-02-16	0.002009	263.73	266.94	258.38	263.02	16155025
2015-02-13	-0.002453	263.08	264.38	263.02	265.35	18146633
2015-02-12	0.014547	266.91	270.71	265.78	266.42	37820381
2015-02-11	-0.009361	264.41	270.62	260.74	264.85	60772462
2015-02-10	-0.018711	259.46	264.09	254.55	259.69	82897935
2015-02-09	0.016478	263.73	266.49	262.95	265.66	58669844
2015-02-06	-0.009834	261.14	264.40	258.07	258.97	88364659
2015-02-05	-0.019749	255.98	256.73	252.23	255.71	75222846
2015-02-04	0.020055	261.12	263.42	260.88	262.03	12695753
2015-02-03	-0.007414	259.18	260.28	257.73	261.47	71676158
2015-02-02	0.018034	263.86	265.70	263.04	265.00	86405723
2015-01-30	0.024526	270.33	276.56	269.90	271.99	53319966
2015-01-29	-0.003871	269.28	274.04	267.93	268.75	20282547
2015-01-28	0.004627	270.53	271.69	269.52	272.11	62623139
2015-01-27	-0.016333	266.11	268.94	264.60	265.92	91002895
2015-01-26	-0.004167	265.00	265.85	263.23	265.93	90476634
2015-01-23	0.021220	270.62	272.28	269.17	270.71	40938810
2015-01-22	0.021715	276.50	276.54	273.67	276.63	63178437
2015-01-21	-0.012768	272.97	274.24	270.48	271.99	23161197
2015-01-20	0.000233	273.03	274.02	273.00	271.88	24258502
2015-01-19	0.019609	278.39	279.58	274.82	281.14	7504386
2015-01-16	-0.010546	275.45	276.70	271.71	274.92	19687327
2015-01-15	0.013418	279.15	279.37	277.70	279.72	7490495
2015-01-14	0.043461	291.28	293.85	291.23	291.61	69403907
2015-01-13	-0.019885	285.49	287.39	285.39	284.37	96491663
2015-01-12	0.003914	286.60	289.79	284.23	286.25	5033528
2015-01-09	-0.022776	280.08	285.08	278.09	278.72	33646829
2015-01-08	-0.032869	270.87	271.81	270.30	269.65	80098611
2015-01-07	0.003780	271.89	278.94	270.27	271.17	41976954
2015-01-06	-0.006623	270.09	270.90	268.12	269.82	9501583
2015-01-05	-0.004970	268.75	272.82	265.32	268.55	51116603
2015-01-02	0.003882	269.79	272.36	266.84	269.40	32009324
2015-01-01	-0.033895	260.65	262.29	258.44	261.65	61471842
2014-12-31	0.017494	265.21	269.11	261.87	265.31	1608984
2014-12-30	-0.007634	263.18	263.59	262.71	263.12	78765454
2014-12-29	-0.021431	257.54	259.24	251.53	257.89	66053442
2014-12-26	-0.015477	253.56	256.75	251.25	253.84	13576709
2014-12-25	0.019505	258.50	259.33	257.52	258.52	20609648
2014-12-24	-0.046191	246.56	247.18	244.51	245.00	76434186
2014-12-23	-0.004660	245.41	246.14	244.11	246.14	84984567
2014-12-22	-0.013325	242.14	243.66	237.40	242.58	87361515
2014-12-19	-0.005810	240.74	241.82	239.90	244.33	13814146
2014-12-18	-0.021845	235.48	235.97	235.30	236.06	44503806
2014-12-17	0.002477	236.06	236.68	234.07	235.83	61329878
2014-12-16	0.008805	238.14	238.50	236.98	236.51	53372476
2014-12-15	-0.005193	236.90	238.18	235.27	235.66	9399254
2014-12-12	-0.009679	234.61	238.40	233.33	235.23	14391391
2014-12-11	-0.009581	232.36	233.90	228.28	232.91	30709543
2014-12-10	-0.002372	231.81	235.64	230.07	231.90	64525700
2014-12-09	-0.004095	230.86	232.23	230.21	231.27	74055960
2014-12-08	0.031094	238.04	241.10	234.31	237.77	5766726
2014-12-05	0.031084	245.44	247.89	244.58	245.56	91694981
2014-12-04	0.002936	246.16	249.75	243.69	246.28	45556895
2014-12-03	0.012091	249.14	252.71	248.83	248.57	36582802
2014-12-02	0.018333	253.71	254.17	253.67	251.74	22701600
2014-12-01	0.002348	254.30	257.58	252.33	254.17	69966997
2014-11-28	0.013720	257.79	261.04	255.22	255.78	91000208
2014-11-27	-0.012645	254.53	255.46	254.04	253.89	85281509
2014-11-26	-0.022976	248.68	250.59	244.73	250.21	70170093
2014-11-25	0.004029	249.68	253.69	248.17	249.87	61342888
2014-11-24	-0.022827	243.98	244.03	241.17	243.97	48984096
2014-11-21	-0.002951	243.26	244.93	242.76	244.11	68668177
2014-11-20	0.009732	245.63	245.74	243.02	245.34	80536600
2014-11-19	0.009993	248.09	248.13	245.55	246.30	68790727
2014-11-18	0.004489	249.20	249.78	248.95	248.33	13310760
2014-11-17	-0.005846	247.74	250.42	245.55	245.33	20813324
2014-11-14	0.028885	254.90	256.22	252.60	253.55	14038994
2014-11-13	0.008027	256.95	258.46	256.26	259.11	65224443
2014-11-12	-0.001089	256.67	260.13	250.88	256.47	92566858
2014-11-11	-0.011412	253.74	254.37	251.64	253.35	28944742
2014-11-10	-0.024270	247.58	247.64	245.46	245.60	59791669
2014-11-07	0.017970	252.03	252.75	250.90	250.57	20901647
2014-11-06	-0.016563	247.85	250.82	246.88	247.43	41442311
2014-11-05	0.008059	249.85	250.65	245.72	249.68	13280990
2014-11-04	0.015672	253.77	256.27	253.37	252.31	41969811
2014-11-03	-0.002808	253.05	255.42	250.73	251.41	13560864
2014-10-31	-0.033983	244.45	247.37	242.06	245.01	49925295
2014-10-30	0.004807	245.63	248.12	244.37	245.52	38894894
2014-10-29	-0.005467	244.29	244.70	243.38	244.82	6993041
2014-10-28	-0.041705	234.10	234.21	231.92	235.00	10989871
2014-10-27	0.004788	235.22	235.48	232.11	233.40	8813333
2014-10-24	0.030100	242.30	244.90	242.18	241.05	38538466
2014-10-23	-0.000582	242.16	244.68	242.11	241.26	73721571
2014-10-22	0.022023	247.49	250.60	246.16	248.36	37562781
2014-10-21	-0.020908	242.32	243.28	238.85	242.08	48674322
2014-10-20	0.001675	242.72	245.29	240.97	242.14	94470821
2014-10-17	0.008593	244.81	248.82	241.09	246.79	23864554
2014-10-16	0.002969	245.53	250.11	245.14	245.00	96285540
2014-10-15	-0.026127	239.12	239.81	236.97	238.92	85338912
2014-10-14	-0.015924	235.31	235.89	235.27	236.07	33605236
2014-10-13	0.005079	236.51	241.18	232.12	236.33	16756249
2014-10-10	0.003442	237.32	237.50	231.23	237.85	94160683
2014-10-09	0.009543	239.59	244.92	236.88	238.45	89734064
2014-10-08	-0.006347	238.07	239.99	237.60	238.47	29464892
2014-10-07	-0.028863	231.19	233.02	228.03	229.47	95699961
2014-10-06	0.024233	236.80	239.98	231.09	236.63	41070851
2014-10-03	-0.010615	234.28	234.49	232.63	234.85	15900415
2014-10-02	-0.013700	231.07	235.25	229.84	229.81	45261657
2014-10-01	0.008482	233.03	234.69	231.81	233.82	14208071
2014-09-30	-0.029263	226.21	228.20	223.64	227.55	52202811
2014-09-29	0.029561	232.90	234.36	231.78	231.48	84231057
2014-09-26	0.014013	236.16	238.28	234.38	237.85	48966855
2014-09-25	0.025724	242.24	242.62	240.25	241.95	20767264
2014-09-24	-0.011092	239.55	241.56	237.72	239.25	98384986
2014-09-23	-0.025528	233.44	234.83	232.54	232.00	29416856
2014-09-22	-0.019993	228.77	229.39	227.59	229.28	67986751
2014-09-19	-0.020967	223.97	227.14	220.28	223.44	87680324
2014-09-18	0.011432	226.53	229.10	226.11	227.02	87277597
2014-09-17	-0.008666	224.57	227.39	223.37	225.25	67225310
2014-09-16	0.011470	227.15	229.14	224.99	230.45	12840798
2014-09-15	-0.014960	223.75	226.42	221.11	224.34	38930227
2014-09-12	0.009625	225.90	228.29	225.26	226.13	20703965
2014-09-11	-0.050210	214.56	217.38	214.46	215.66	23384853
2014-09-10	-0.001190	214.30	214.60	209.16	213.03	49257455
2014-09-09	0.009268	216.29	218.26	216.21	214.67	31476649
2014-09-08	-0.018090	212.38	213.40	209.46	211.78	45115044
2014-09-05	0.007190	213.90	215.96	212.80	212.10	73768156
2014-09-04	-0.053129	202.54	204.98	202.14	203.24	71878254
2014-09-03	-0.053317	191.74	192.74	191.19	193.00	95447089
2014-09-02	0.005749	192.84	194.99	191.40	193.03	54311259
2014-09-01	0.002491	193.32	194.88	190.84	194.52	50216950
2014-08-29	0.050196	203.03	203.90	202.04	201.89	12995205
2014-08-28	-0.061350	190.57	191.75	189.19	189.37	31349155
2014-08-27	0.014111	193.26	193.79	193.17	193.55	89717538
2014-08-26	0.015085	196.18	198.92	194.73	195.66	39411705
2014-08-25	-0.000245	196.13	196.36	193.13	196.08	54607348
2014-08-22	-0.014297	193.32	196.62	192.95	191.83	90592935
2014-08-21	0.017575	196.72	199.86	193.96	197.66	76090260
2014-08-20	0.013917	199.46	201.09	198.74	198.19	59383663
2014-08-19	-0.012890	196.89	200.64	196.58	195.77	76695197
2014-08-18	0.010702	199.00	202.19	196.42	198.53	15917812
2014-08-15	0.028891	204.75	205.21	203.61	202.85	62966656
2014-08-14	0.014820	207.78	208.26	204.34	207.53	53219494
2014-08-13	-0.004553	206.83	207.87	206.47	206.74	37166834
2014-08-12	0.031076	213.26	213.51	212.92	212.76	25532523
2014-08-11	-0.022489	208.47	209.91	207.71	208.18	2836550
2014-08-08	-0.027916	202.65	203.45	200.26	201.69	59703773
2014-08-07	0.026358	207.99	208.24	207.26	208.85	80544393
2014-08-06	0.012409	210.57	210.60	208.94	209.75	48893573
2014-08-05	0.003657	211.34	213.22	211.19	211.36	54498295
2014-08-04	0.038775	219.53	221.53	218.53	220.20	48883578
2014-08-01	0.014004	222.61	222.75	219.61	223.82	4076197
2014-07-31	0.040053	231.52	231.94	231.45	229.80	87770974
2014-07-30	0.025064	237.33	240.09	237.24	239.28	80009193
2014-07-29	-0.011475	234.60	237.12	233.92	232.69	95394045
2014-07-28	-0.003689	233.74	237.48	233.03	233.79	11288899
2014-07-25	-0.050398	221.96	222.02	219.90	221.47	21904856
2014-07-24	-0.035684	214.04	218.82	212.32	214.52	96893736
2014-07-23	0.010501	216.28	218.30	214.91	214.00	99743418
2014-07-22	0.012745	219.04	222.16	215.51	217.12	21739388
2014-07-21	0.025462	224.62	229.64	222.01	223.82	6364300
2014-07-18	0.007017	226.19	228.11	226.15	226.64	85633719
2014-07-17	-0.001353	225.89	226.63	223.69	227.06	34978213
2014-07-16	0.011271	228.43	230.06	227.41	229.17	98588126
2014-07-15	0.012882	231.38	231.43	231.35	231.68	51674670
2014-07-14	0.008390	233.32	234.34	231.77	234.32	19011300
2014-07-11	-0.006792	231.73	234.14	229.08	230.35	31542853
2014-07-10	0.006769	233.30	236.59	230.23	233.59	52803644
2014-07-09	0.023560	238.80	243.21	236.30	236.73	59533291
2014-07-08	0.027696	245.41	246.47	243.62	244.97	97491026
2014-07-07	-0.009949	242.97	244.21	241.80	242.37	4877522
2014-07-04	-0.017718	238.67	244.16	236.94	237.86	49912835
2014-07-03	-0.014762	235.14	239.84	233.23	236.87	76294321
2014-07-02	0.009727	237.43	237.85	232.52	236.89	57569372
2014-07-01	0.029147	244.35	245.49	239.57	244.49	57940843
2014-06-30	-0.001036	244.10	246.90	242.91	242.39	43649325
2014-06-27	0.000006	244.10	244.20	242.89	243.36	40709448
2014-06-26	0.016486	248.12	250.13	245.25	249.59	68011376
2014-06-25	-0.006514	246.51	247.77	245.91	246.58	61542278
2014-06-24	0.022533	252.06	256.04	250.74	251.52	94916542
2014-06-23	0.025476	258.48	259.80	256.91	257.91	67754916
2014-06-20	0.046901	270.61	274.35	268.07	270.43	87683764
2014-06-19	0.019734	275.95	276.15	273.60	274.71	44657620
2014-06-18	0.004519	277.19	277.26	275.12	279.70	33567967
2014-06-17	0.002164	277.79	279.42	274.59	278.83	27395637
2014-06-16	0.029622	286.02	290.17	280.50	285.35	47333776
2014-06-13	-0.002103	285.42	290.85	283.22	283.12	96526122
2014-06-12	0.001191	285.76	291.79	281.76	284.34	10427010
2014-06-11	-0.018445	280.49	281.49	279.62	282.51	36294758
2014-06-10	-0.020649	274.70	276.11	270.46	275.15	64357565
2014-06-09	0.003824	275.75	276.24	270.64	276.49	51343246
2014-06-06	0.010400	278.62	282.55	278.24	278.41	25871512
2014-06-05	0.036279	288.72	291.00	287.83	288.06	1864060
2014-06-04	0.017421	293.75	294.28	293.22	293.59	1235442
2014-06-03	0.025386	301.21	302.77	294.65	300.82	46081608
2014-06-02	0.006260	303.10	303.65	300.81	301.19	25941161
2014-05-30	-0.030813	293.76	295.37	292.18	294.88	57156473
2014-05-29	-0.005672	292.09	297.84	288.28	291.37	13934226
2014-05-28	-0.000106	292.06	292.84	291.38	291.05	74845326
2014-05-27	-0.029288	283.51	285.40	280.90	282.87	39282867
2014-05-26	0.019448	289.02	289.95	286.75	288.08	25875851
2014-05-23	0.015874	293.61	294.30	293.25	291.71	15444521
2014-05-22	-0.024415	286.44	288.96	283.41	288.53	29680317
2014-05-21	-0.027102	278.68	279.21	278.09	278.42	58336353
2014-05-20	0.010147	281.50	282.28	278.90	282.70	15342717
2014-05-19	0.034543	291.23	293.93	284.15	290.84	33460259
2014-05-16	0.007055	293.28	297.92	290.91	292.89	17006638
2014-05-15	0.002108	293.90	297.75	289.50	295.68	3153260
2014-05-14	-0.000197	293.84	296.32	292.18	296.38	85821970
2014-05-13	0.004054	295.03	295.22	291.35	297.40	10392329
2014-05-12	0.011520	298.43	299.68	294.45	299.97	66750080
2014-05-09	-0.010937	295.17	296.81	293.64	298.12	25817913
2014-05-08	-0.001745	294.65	294.87	291.96	295.02	12376894
2014-05-07	0.020917	300.82	301.51	300.23	304.29	32153269
2014-05-06	0.019447	306.67	309.96	305.64	308.55	55935932
2014-05-05	-0.010219	303.53	306.11	301.85	303.32	93200401
2014-05-02	0.026739	311.65	313.01	310.13	312.46	38865593
2014-05-01	0.014754	316.25	317.57	311.80	317.13	91939054
2014-04-30	-0.002572	315.43	315.55	314.32	312.60	65079840
2014-04-29	0.035762	326.71	340.12	320.81	327.04	95371303
2014-04-28	-0.024882	318.59	318.93	316.66	320.80	86020448
2014-04-25	-0.017578	312.99	315.48	310.26	314.19	7705414
2014-04-24	0.021850	319.82	321.08	315.12	319.32	10662414
2014-04-23	0.018358	325.70	334.21	324.72	328.91	20669807
2014-04-22	-0.011664	321.90	324.17	320.98	321.12	50898763
2014-04-21	-0.052997	304.84	308.82	303.77	303.30	7347507
2014-04-18	-0.043284	291.64	294.48	290.66	294.34	28157612
2014-04-17	0.024384	298.75	299.94	297.48	298.03	17454618
2014-04-16	0.015371	303.35	305.88	300.78	303.29	33567428
2014-04-15	-0.003908	302.16	305.98	301.31	303.73	12253987
2014-04-14	0.016365	307.11	308.40	306.60	307.22	10972265
2014-04-11	-0.011738	303.50	304.82	301.43	301.88	80434332
2014-04-10	0.017077	308.68	308.78	306.96	312.34	80625971
2014-04-09	0.001279	309.08	310.68	304.90	307.78	34270984
2014-04-08	-0.024940	301.37	302.22	293.61	300.35	82678517
2014-04-07	-0.005423	299.74	300.23	298.33	298.25	32360495
2014-04-04	0.004477	301.08	302.96	298.10	299.78	19426323
2014-04-03	-0.002869	300.21	301.80	297.98	299.48	56107226
2014-04-02	-0.000189	300.16	305.24	295.00	298.23	58770969
2014-04-01	-0.004963	298.67	301.57	298.52	299.18	68425662
2014-03-31	0.000774	298.90	299.32	298.67	298.12	46287172
2014-03-28	0.044142	312.09	317.15	311.08	312.36	19277708
2014-03-27	0.006786	314.21	314.47	312.47	315.34	59491298
2014-03-26	0.036718	325.75	329.95	321.54	324.87	92033981
2014-03-25	-0.005847	323.84	328.23	321.45	325.14	36986979
2014-03-24	-0.008282	321.16	323.93	321.13	321.00	19832172
2014-03-21	-0.022248	314.02	319.07	309.79	312.55	74585142
2014-03-20	0.022101	320.96	323.36	320.26	318.40	16409290
2014-03-19	0.001344	321.39	322.33	320.93	322.99	80789350
2014-03-18	0.000387	321.51	329.33	320.87	320.94	75104008
2014-03-17	0.014641	326.22	328.16	320.26	326.07	73342263
2014-03-14	0.020950	333.05	333.80	332.94	332.69	67702499
2014-03-13	0.018847	339.33	341.93	336.65	338.28	27477143
2014-03-12	-0.013628	334.71	336.23	330.11	332.40	70982182
2014-03-11	0.022946	342.39	348.36	337.17	343.90	38390544
2014-03-10	-0.046851	326.35	328.20	323.67	329.66	81439511
2014-03-07	-0.001181	325.96	326.63	322.01	326.95	88871624
2014-03-06	-0.001527	325.46	329.99	321.94	325.33	77129733
2014-03-05	0.014683	330.24	331.65	327.36	331.78	46650517
2014-03-04	0.013869	334.82	335.89	334.19	338.74	52573198
2014-03-03	0.014026	339.52	342.83	337.72	339.39	12625573
2014-02-28	-0.024400	331.23	331.94	331.01	330.55	63578638
2014-02-27	0.008096	333.91	337.01	329.65	336.04	3950512
2014-02-26	-0.040597	320.36	322.43	318.70	321.63	25215852
2014-02-25	0.016284	325.58	328.04	324.67	325.72	98756524
2014-02-24	0.005546	327.38	330.74	323.39	329.22	30881780
2014-02-21	-0.000372	327.26	330.11	326.22	327.91	21230157
2014-02-20	-0.024483	319.25	322.65	314.47	321.74	70570220
2014-02-19	-0.021168	312.49	316.89	308.01	311.96	85795449
2014-02-18	-0.017249	307.10	310.35	304.91	307.34	57830142
2014-02-17	-0.017157	301.83	303.08	296.73	300.97	68144091
2014-02-14	-0.021142	295.45	297.78	291.80	293.82	61084273
2014-02-13	0.019587	301.24	302.41	297.07	302.39	67007307
2014-02-12	0.020332	307.36	310.74	303.80	308.59	99264075
2014-02-11	-0.009736	304.37	305.54	303.00	305.17	2203800
2014-02-10	0.005644	306.09	309.54	303.55	305.99	92588390
2014-02-07	0.042323	319.04	320.47	313.19	320.13	65221107
2014-02-06	-0.011399	315.40	318.30	311.99	315.04	71098452
2014-02-05	0.024667	323.18	332.32	322.42	325.17	19771490
2014-02-04	0.013262	327.47	332.65	324.27	326.98	49376628
2014-02-03	-0.008458	324.70	331.03	324.12	324.34	60921844
2014-01-31	0.024571	332.68	337.15	325.17	334.94	67989097
2014-01-30	0.020714	339.57	340.66	334.01	337.93	76057596
2014-01-29	0.013349	344.10	348.66	342.65	343.73	12788629
2014-01-28	0.022348	351.79	357.84	349.81	350.26	92003783
2014-01-27	0.027243	361.38	361.58	355.77	359.50	64260947
2014-01-24	-0.030396	350.39	357.94	349.55	350.70	97394340
2014-01-23	0.019522	357.23	358.67	356.74	353.51	5719082
2014-01-22	-0.002521	356.33	358.60	348.30	355.05	37814055
2014-01-21	0.040541	370.78	371.36	370.41	370.95	42937037
2014-01-20	-0.017427	364.32	367.87	362.31	365.27	85038352
2014-01-17	0.029820	375.18	375.19	366.93	372.79	45263436
2014-01-16	-0.037515	361.10	362.97	359.00	362.25	37776004
2014-01-15	0.014741	366.43	370.13	365.56	363.81	50240269
2014-01-14	-0.010331	362.64	363.83	355.65	362.85	61392751
2014-01-13	0.021098	370.29	372.28	368.33	370.19	24938669
2014-01-10	0.026724	380.19	383.40	377.84	379.78	7851860
2014-01-09	-0.031419	368.24	371.37	365.04	369.78	88507516
2014-01-08	0.037421	382.02	384.93	381.10	381.67	95548296
2014-01-07	-0.010765	377.91	378.92	375.69	377.53	82753988
2014-01-06	0.030870	389.58	395.81	384.62	389.79	34253701
2014-01-03	0.025996	399.70	400.17	392.73	398.67	91128995
2014-01-02	0.027371	410.64	414.03	408.55	413.10	86925141
