2016-01-01	0.014086	178.96	180.11	177.38	178.06	22740671
2015-12-31	0.014217	181.51	184.18	180.79	181.58	1529071
2015-12-30	-0.010426	179.61	181.15	178.92	177.84	58488903
2015-12-29	0.024042	183.93	186.62	183.41	183.30	27292925
2015-12-28	-0.039282	176.71	177.72	175.77	177.30	35930419
2015-12-25	-0.002108	176.33	177.85	174.21	175.72	24780542
2015-12-24	0.029321	181.50	184.26	180.44	182.04	58767472
2015-12-23	-0.047083	172.96	174.32	172.47	174.67	61975594
2015-12-22	-0.016786	170.05	170.57	168.65	169.33	82936262
2015-12-21	0.017922	173.10	173.77	171.20	172.49	37082842
2015-12-18	-0.016471	170.25	171.81	167.04	168.27	37118716
2015-12-17	0.015245	172.85	174.60	172.48	173.37	3859333
2015-12-16	0.012369	174.98	175.13	174.38	173.98	76242404
2015-12-15	0.000148	175.01	175.05	174.52	174.18	61826323
2015-12-14	-0.000344	174.95	175.15	173.11	174.42	76782460
2015-12-11	-0.010778	173.06	174.01	172.53	172.24	98821082
2015-12-10	-0.001547	172.80	173.00	172.38	174.30	91820258
2015-12-09	-0.019155	169.49	169.53	168.88	169.57	40430888
2015-12-08	0.031162	174.77	178.74	174.31	174.05	80771991
2015-12-07	-0.003175	174.21	174.39	172.41	173.49	12167077
2015-12-04	0.026327	178.80	180.01	178.37	178.18	86058979
2015-12-03	-0.031636	173.14	174.80	170.85	172.20	85838924
2015-12-02	0.005610	174.11	174.45	172.56	172.73	69778249
2015-12-01	0.025322	178.52	179.96	177.70	177.67	2012625
2015-11-30	0.031153	184.09	186.39	182.74	184.52	2544107
2015-11-27	-0.006522	182.88	184.57	180.64	183.20	62273150
2015-11-26	-0.004552	182.05	184.80	179.25	181.65	75741085
2015-11-25	-0.029465	176.69	176.82	176.04	178.06	87160538
2015-11-24	-0.029718	171.44	171.64	170.86	173.13	39774090
2015-11-23	-0.027265	166.76	168.73	166.38	166.20	85216558
2015-11-20	-0.030270	161.72	162.93	159.41	163.15	50529497
2015-11-19	0.005314	162.57	163.29	160.86	163.10	94655535
2015-11-18	0.005567	163.48	164.81	160.22	163.71	36862946
2015-11-17	0.000130	163.50	165.91	162.53	164.80	23634912
2015-11-16	-0.003788	162.88	163.24	162.88	163.55	85387604
2015-11-13	0.028233	167.48	169.35	166.24	165.90	75391878
2015-11-12	0.002375	167.88	169.21	166.82	168.07	67127976
2015-11-11	0.018470	170.98	171.99	170.72	171.71	27302296
2015-11-10	0.042964	178.32	178.96	175.11	177.87	42502673
2015-11-09	0.013541	180.74	184.71	178.10	181.06	34865549
2015-11-06	0.003602	181.39	183.10	179.70	181.25	45985150
2015-11-05	0.035206	187.78	189.80	185.18	187.54	19517674
2015-11-04	-0.006028	186.64	187.69	184.35	184.96	38390516
2015-11-03	-0.025074	181.96	183.92	180.88	182.89	66438998
2015-11-02	0.001654	182.27	182.56	180.49	182.78	98204170
2015-10-30	-0.012593	179.97	183.47	179.64	180.75	21824212
2015-10-29	-0.001436	179.71	183.69	175.15	180.49	25552967
2015-10-28	0.014407	182.30	184.17	181.70	183.28	88413730
2015-10-27	0.001515	182.58	182.71	180.09	181.45	73968168
2015-10-26	-0.013774	180.06	180.16	179.33	181.56	73040056
2015-10-23	-0.007753	178.67	180.58	177.40	178.35	52685836
2015-10-22	-0.021373	174.85	175.04	172.69	174.08	54517101
2015-10-21	0.027473	179.65	179.72	178.93	179.50	19579409
2015-10-20	0.011307	181.68	182.52	179.79	181.49	70670799
2015-10-19	0.036987	188.40	188.76	187.05	188.77	42598286
2015-10-16	0.016254	191.46	192.20	187.95	192.57	11494767
2015-10-15	0.020962	195.48	197.10	193.80	198.16	48666161
2015-10-14	-0.028253	189.96	191.57	184.78	190.05	86922755
2015-10-13	-0.015859	186.94	186.98	183.27	187.29	34429474
2015-10-12	0.025764	191.76	192.36	191.74	191.96	18504129
2015-10-09	0.036941	198.84	199.59	197.83	199.29	72938422
2015-10-08	0.012377	201.30	204.70	198.21	200.08	91339209
2015-10-07	-0.003629	200.57	204.32	200.12	201.88	84669644
2015-10-06	-0.010985	198.37	201.03	197.73	199.04	52868530
2015-10-05	-0.008294	196.72	196.84	195.15	195.35	30759867
2015-10-02	0.015186	199.71	200.15	198.52	200.75	74496646
2015-10-01	0.042615	208.22	209.74	205.94	206.17	56781084
2015-09-30	0.018092	211.99	215.65	211.47	211.28	96242388
2015-09-29	0.042695	221.04	222.68	218.56	221.03	29390781
2015-09-28	-0.000034	221.03	222.97	218.42	220.71	50458448
2015-09-25	0.026025	226.79	229.19	223.13	225.71	46101254
2015-09-24	-0.020599	222.11	224.80	219.66	223.00	28322223
2015-09-23	-0.017301	218.27	218.49	216.75	216.08	24691945
2015-09-22	0.022518	223.19	223.56	221.55	221.65	91691910
2015-09-21	0.009069	225.21	230.05	221.05	225.57	1678645
2015-09-18	0.055004	237.60	237.93	235.47	236.69	36834053
2015-09-17	0.013447	240.79	242.12	239.57	241.73	52787022
2015-09-16	-0.005075	239.57	240.76	237.01	241.88	66735168
2015-09-15	0.011822	242.40	244.33	242.36	243.81	8088127
2015-09-14	0.008884	244.56	246.36	244.07	244.64	28308829
2015-09-11	0.015107	248.25	249.53	246.36	248.36	36759457
2015-09-10	-0.022017	242.79	245.00	239.71	245.40	4127058
2015-09-09	-0.011211	240.06	240.29	238.88	239.56	72030175
2015-09-08	-0.003890	239.13	240.67	238.09	238.25	29090356
2015-09-07	-0.016574	235.17	237.08	234.78	234.91	24882826
2015-09-04	-0.009572	232.92	233.81	230.25	231.29	10096757
2015-09-03	0.036478	241.41	244.79	237.12	240.37	93976287
2015-09-02	-0.014531	237.90	241.29	236.74	237.55	51371804
2015-09-01	0.020615	242.81	244.83	241.99	241.42	43705361
2015-08-31	-0.008997	240.62	241.99	240.32	239.81	38866722
2015-08-28	-0.011096	237.95	238.62	235.57	236.63	32149352
2015-08-27	0.014146	241.32	241.86	240.62	239.69	66212415
2015-08-26	0.000764	241.50	243.22	239.25	241.49	99359264
2015-08-25	-0.006655	239.90	241.44	239.19	239.45	32465996
2015-08-24	0.004196	240.90	243.64	237.89	240.79	11585945
2015-08-21	0.010500	243.43	246.06	242.77	243.62	55275748
2015-08-20	-0.039662	233.78	234.79	228.59	234.40	47624398
2015-08-19	0.005451	235.05	235.26	234.81	234.23	53429241
2015-08-18	0.004280	236.06	236.84	235.39	237.03	56573990
2015-08-17	-0.026162	229.88	233.78	228.89	229.48	51981492
2015-08-14	0.001473	230.22	232.75	228.33	229.14	3826857
2015-08-13	0.030327	237.20	240.62	233.31	238.07	16355078
2015-08-12	-0.012562	234.22	234.97	232.91	234.10	17701348
2015-08-11	0.015561	237.87	239.86	235.54	235.94	22560434
2015-08-10	-0.010685	235.33	237.74	233.92	234.91	59288772
2015-08-07	-0.001866	234.89	235.51	233.49	235.73	89394533
2015-08-06	0.016049	238.66	240.53	237.72	238.03	91451896
2015-08-05	-0.011963	235.80	237.57	233.33	236.99	51045460
2015-08-04	0.012704	238.80	241.08	235.87	238.35	73736198
2015-08-03	-0.016587	234.84	236.90	230.85	234.91	15351903
2015-07-31	-0.004607	233.76	234.74	233.52	235.21	56798734
2015-07-30	0.033685	241.63	242.67	238.04	240.44	32451466
2015-07-29	0.002255	242.17	244.89	239.33	240.71	32359811
2015-07-28	0.031695	249.85	252.84	246.62	247.78	53868203
2015-07-27	0.013232	253.16	254.53	249.51	251.93	95458759
2015-07-24	-0.008531	251.00	251.08	249.30	250.11	29176505
2015-07-23	0.014029	254.52	255.43	251.37	255.98	85130724
2015-07-22	-0.018243	249.87	252.84	249.08	249.67	75348508
2015-07-21	-0.005208	248.57	249.33	248.10	246.70	28931455
2015-07-20	0.020570	253.69	254.06	253.25	253.12	51599063
2015-07-17	-0.018270	249.05	249.61	246.05	250.82	55503067
2015-07-16	-0.015206	245.26	248.43	244.42	246.98	15237759
2015-07-15	-0.025067	239.12	240.87	235.13	239.21	60824129
2015-07-14	-0.009247	236.91	237.23	235.87	237.45	80635861
2015-07-13	0.028388	243.63	245.67	242.50	244.15	49546907
2015-07-10	-0.001574	243.25	244.21	239.15	243.79	49339482
2015-07-09	0.046995	254.68	255.75	252.96	255.19	43162853
2015-07-08	-0.028162	247.51	248.93	245.83	248.45	16146368
2015-07-07	0.038092	256.93	260.27	256.26	256.43	54877768
2015-07-06	-0.000875	256.71	257.27	256.56	255.48	47446808
2015-07-03	-0.009300	254.32	258.11	249.87	252.03	67759135
2015-07-02	0.020392	259.51	261.21	257.63	258.94	27559364
2015-07-01	0.028082	266.80	267.18	265.65	265.22	85380966
2015-06-30	0.015342	270.89	276.30	269.20	269.40	82774900
2015-06-29	0.005939	272.50	273.57	271.99	271.22	19930149
2015-06-26	0.023693	278.95	280.43	278.32	277.93	42542486
2015-06-25	0.036063	289.01	291.00	286.39	292.92	97930189
2015-06-24	-0.012712	285.34	286.63	282.15	284.23	99801175
2015-06-23	0.024166	292.24	297.61	289.53	293.29	52471875
2015-06-22	-0.027204	284.29	285.72	281.23	283.51	81962964
2015-06-19	0.002967	285.13	285.82	282.30	284.40	29901431
2015-06-18	-0.000943	284.86	286.12	282.07	282.85	62749061
2015-06-17	-0.003349	283.91	284.66	280.92	283.35	78772305
2015-06-16	0.008801	286.40	288.98	283.75	285.83	92368012
2015-06-15	-0.007554	284.24	284.40	282.94	284.32	21610491
2015-06-12	0.002839	285.05	285.40	280.24	285.10	7536761
2015-06-11	0.010120	287.93	288.71	287.84	287.62	6930725
2015-06-10	0.002184	288.56	290.26	284.79	291.21	44457921
2015-06-09	0.006994	290.58	294.01	287.14	292.29	6405427
2015-06-08	-0.036111	280.09	280.60	279.54	281.01	35355150
2015-06-05	-0.025905	272.83	279.29	269.60	273.54	95504357
2015-06-04	0.010800	275.78	277.16	272.28	276.45	4804669
2015-06-03	-0.036479	265.72	266.04	260.37	264.72	60837863
2015-06-02	-0.007020	263.85	263.95	262.42	263.40	8076899
2015-06-01	0.041259	274.74	279.65	272.63	272.02	17303986
2015-05-29	-0.001411	274.35	280.35	273.56	273.56	73233554
2015-05-28	-0.005756	272.77	276.56	267.82	270.49	51215247
2015-05-27	0.005263	274.21	276.41	269.67	275.98	39831409
2015-05-26	0.002669	274.94	277.69	272.61	274.08	21790923
2015-05-25	0.009098	277.44	284.95	273.02	277.54	68186178
2015-05-22	-0.045098	264.93	266.66	263.73	266.13	10557133
2015-05-21	0.034135	273.97	276.89	271.88	276.00	26606868
2015-05-20	-0.000856	273.74	276.12	273.04	273.21	27935842
2015-05-19	-0.014641	269.73	273.87	269.58	270.02	76194090
2015-05-18	-0.016614	265.25	265.40	263.01	266.15	24234705
2015-05-15	0.057937	280.62	281.52	278.99	283.12	4460076
2015-05-14	0.014390	284.65	287.90	283.56	281.99	55666179
2015-05-13	-0.015710	280.18	280.69	277.72	279.81	86369081
2015-05-12	0.003694	281.22	281.47	277.48	281.08	69335407
2015-05-11	-0.013506	277.42	283.62	274.20	276.14	58661397
2015-05-08	0.012543	280.90	281.82	279.26	279.96	71890403
2015-05-07	-0.023281	274.36	275.15	271.99	273.19	63572171
2015-05-06	-0.007721	272.24	275.80	271.52	272.53	55691538
2015-05-05	-0.001915	271.72	274.15	268.59	270.07	82122607
2015-05-04	-0.000932	271.47	276.43	271.02	271.45	73232641
2015-05-01	-0.013899	267.69	270.21	265.25	267.22	29687655
2015-04-30	0.002937	268.48	272.80	266.38	268.84	79397352
2015-04-29	-0.018837	263.42	265.65	261.47	265.23	5052460
2015-04-28	-0.019903	258.18	261.18	256.78	257.52	11530660
2015-04-27	0.002995	258.95	259.53	258.16	257.40	97559920
2015-04-24	-0.001467	258.57	260.06	255.60	258.06	25070800
2015-04-23	0.000793	258.78	260.68	257.21	258.63	78358278
2015-04-22	-0.006563	257.08	260.98	255.45	256.94	14358461
2015-04-21	-0.009924	254.53	256.01	252.73	256.39	76619339
2015-04-20	0.001305	254.86	257.28	249.89	254.62	90871810
2015-04-17	0.003625	255.78	256.16	255.26	254.05	61987091
2015-04-16	-0.006875	254.03	254.23	251.14	253.91	55362260
2015-04-15	-0.025685	247.50	250.72	246.06	246.69	65484759
2015-04-14	0.015305	251.29	255.11	249.13	249.25	80607033
2015-04-13	-0.006010	249.78	251.92	249.47	247.94	80240767
2015-04-10	0.022566	255.42	256.16	254.86	255.14	57204359
2015-04-09	-0.000673	255.24	260.87	254.40	256.72	79110640
2015-04-08	-0.035270	246.24	249.15	246.14	246.99	40037033
2015-04-07	-0.019094	241.54	241.58	239.53	240.30	71348098
2015-04-06	0.022375	246.94	248.81	245.18	248.27	25613972
2015-04-03	-0.011687	244.06	244.24	243.71	242.34	66598482
2015-04-02	0.049394	256.11	257.67	253.94	257.36	22999411
2015-04-01	0.039064	266.12	266.94	264.87	267.01	5310420
2015-03-31	0.000550	266.26	267.67	264.29	267.77	6312916
2015-03-30	-0.009914	263.62	264.76	259.69	265.19	17299358
2015-03-27	0.007327	265.56	269.70	263.37	265.48	23331519
2015-03-26	-0.008086	263.41	263.56	261.37	263.63	27506822
2015-03-25	-0.022266	257.54	258.25	255.16	256.97	24268974
2015-03-24	0.017221	261.98	265.57	260.86	261.36	77594560
2015-03-23	0.011153	264.90	270.44	263.51	266.46	56067644
2015-03-20	0.033626	273.81	274.38	270.69	274.97	81778764
2015-03-19	0.030974	282.29	284.58	281.68	280.90	69871605
2015-03-18	0.006446	284.11	284.22	283.44	282.45	76978934
2015-03-17	-0.015926	279.58	283.57	278.82	278.56	15437025
2015-03-16	0.039930	290.75	291.80	290.25	290.46	51944451
2015-03-13	-0.021416	284.52	288.00	284.36	286.65	32776951
2015-03-12	0.019782	290.15	290.81	289.52	289.44	17949425
2015-03-11	-0.011402	286.84	286.98	282.60	286.19	55765894
2015-03-10	-0.010495	283.83	287.52	282.47	284.70	65991336
2015-03-09	-0.008815	281.33	283.45	279.58	279.43	34008666
2015-03-06	0.005971	283.01	284.05	280.90	281.64	37901128
2015-03-05	-0.007691	280.83	281.52	280.21	279.14	10748488
2015-03-04	-0.008070	278.56	281.28	275.71	277.86	53563659
2015-03-03	-0.051939	264.10	265.27	261.06	263.91	8868550
2015-03-02	-0.021867	258.32	263.31	256.58	260.73	22677898
2015-02-27	-0.029737	250.64	251.87	243.62	251.81	39409998
2015-02-26	0.019700	255.58	256.27	250.90	257.18	4348387
2015-02-25	-0.016362	251.40	251.67	249.00	251.37	86150186
2015-02-24	0.000300	251.47	254.04	248.29	251.66	67707819
2015-02-23	0.001921	251.95	252.40	251.72	253.16	61320512
2015-02-20	0.035329	260.86	262.13	257.59	261.05	19490127
2015-02-19	0.007837	262.90	263.42	260.14	262.02	99235379
2015-02-18	-0.019172	257.86	259.08	255.72	259.05	66078175
2015-02-17	-0.035379	248.74	249.42	247.25	249.60	3660371
2015-02-16	-0.016915	244.53	247.50	242.77	243.02	40116460
2015-02-13	-0.001596	244.14	247.48	243.76	243.57	68228805
2015-02-12	0.010852	246.79	251.47	245.50	247.13	30452509
2015-02-11	0.060197	261.64	262.60	260.16	263.59	64182828
2015-02-10	0.019539	266.76	270.06	266.06	270.14	89937350
2015-02-09	0.010299	269.50	271.99	269.49	268.80	87373434
2015-02-06	-0.009883	266.84	267.24	264.68	266.06	22809122
2015-02-05	0.016432	271.22	274.08	267.54	270.31	15234808
2015-02-04	0.007641	273.30	275.95	271.92	272.60	79371983
2015-02-03	-0.008316	271.02	273.57	269.42	270.66	65035495
2015-02-02	0.021485	276.85	279.55	272.13	277.58	21772044
2015-01-30	-0.013145	273.21	275.39	272.64	272.30	86741026
2015-01-29	-0.022312	267.11	267.17	266.97	264.73	16505419
2015-01-28	0.024374	273.62	273.68	270.40	275.24	13784291
2015-01-27	0.000697	273.81	274.37	270.95	276.94	12289436
2015-01-26	-0.004927	272.46	277.02	272.16	272.85	26981728
2015-01-23	-0.001718	272.00	275.04	267.07	272.59	72899686
2015-01-22	0.003486	272.94	276.14	272.59	272.49	29103546
2015-01-21	-0.048254	259.77	261.10	256.16	260.25	76608650
2015-01-20	0.004821	261.03	264.02	260.30	262.16	70511446
2015-01-19	0.000247	261.09	266.16	257.37	259.52	37085644
2015-01-16	-0.024704	254.64	261.06	251.43	252.99	81750219
2015-01-15	0.027480	261.64	267.86	259.08	260.16	76933921
2015-01-14	0.011303	264.60	267.33	262.33	264.64	57064781
2015-01-13	0.015409	268.67	271.69	267.28	267.99	34233132
2015-01-12	0.014733	272.63	273.89	270.69	273.44	17567826
2015-01-09	-0.019214	267.39	270.33	264.60	267.82	62403908
2015-01-08	0.007071	269.28	271.63	268.04	270.51	61264683
2015-01-07	-0.013236	265.72	266.51	264.88	266.21	81015677
2015-01-06	0.025671	272.54	277.84	272.09	272.39	99442556
2015-01-05	0.000490	272.67	276.00	271.12	271.23	13924913
2015-01-02	0.013666	276.40	277.56	273.47	275.42	95845731
2015-01-01	0.021903	282.45	283.21	278.58	281.81	88155084
2014-12-31	0.009517	285.14	286.31	281.08	287.51	54992448
2014-12-30	-0.005846	283.48	284.29	278.22	282.22	13725532
2014-12-29	0.011637	286.77	288.95	284.05	288.01	18042019
2014-12-26	-0.006989	284.77	286.43	284.00	285.00	10937709
2014-12-25	0.040018	296.17	297.93	294.61	294.31	25148255
2014-12-24	0.005846	297.90	299.59	297.60	297.57	50653543
2014-12-23	0.006577	299.86	301.15	298.82	301.22	38526820
2014-12-22	-0.011763	296.33	303.55	295.51	298.81	40985456
2014-12-19	0.005061	297.83	301.78	297.76	295.27	23553455
2014-12-18	-0.010766	294.62	297.60	291.18	294.77	75524544
2014-12-17	-0.021930	288.16	288.26	287.37	289.30	15414777
2014-12-16	0.018895	293.61	294.12	292.64	292.87	95327559
2014-12-15	0.038553	304.93	307.25	302.97	304.65	70594447
2014-12-12	0.006939	307.04	312.98	305.99	309.13	32850064
2014-12-11	-0.008347	304.48	308.04	300.65	305.34	70421384
2014-12-10	0.029496	313.46	317.52	311.77	314.07	99467569
2014-12-09	-0.007511	311.11	312.55	308.04	312.85	99673441
2014-12-08	-0.017893	305.54	305.70	300.47	305.49	17722032
2014-12-05	-0.023574	298.34	303.33	295.12	294.93	71811652
2014-12-04	-0.023634	291.29	293.58	281.18	290.49	8731423
2014-12-03	-0.017469	286.20	290.63	285.07	290.29	30131769
2014-12-02	-0.004488	284.91	286.73	281.75	282.54	64970532
2014-12-01	0.017508	289.90	290.87	288.95	291.07	62591012
2014-11-28	0.001666	290.38	291.36	287.99	288.93	24509171
2014-11-27	0.026750	298.15	300.70	297.72	298.28	26563328
2014-11-26	0.033397	308.11	310.63	300.00	309.09	60235740
2014-11-25	-0.014533	303.63	308.33	301.94	303.52	1001602
2014-11-24	0.019492	309.55	314.92	306.04	309.58	88816629
2014-11-21	0.011161	313.00	313.15	310.85	313.98	3280511
2014-11-20	-0.051177	296.99	297.10	296.02	298.07	67786497
2014-11-19	0.003725	298.09	298.47	296.82	298.02	75056217
2014-11-18	0.047287	312.19	314.33	309.92	312.05	12857325
2014-11-17	-0.024173	304.64	307.20	304.05	302.84	38075551
2014-11-14	-0.000684	304.43	306.41	297.68	300.89	45308635
2014-11-13	0.017093	309.64	311.38	308.97	309.88	21628048
2014-11-12	0.029356	318.73	320.90	317.87	318.55	54798627
2014-11-11	0.004936	320.30	324.62	319.69	321.85	83092127
2014-11-10	-0.013118	316.10	319.40	306.75	317.11	10243164
2014-11-07	-0.040177	303.40	307.91	301.95	303.81	2151724
2014-11-06	0.011600	306.92	307.54	301.39	306.55	71280158
2014-11-05	-0.003455	305.86	307.82	305.06	305.29	11042052
2014-11-04	0.020174	312.03	319.75	310.20	312.42	79578588
2014-11-03	0.004175	313.33	313.67	312.21	313.65	51728290
2014-10-31	-0.004329	311.97	319.30	310.15	313.92	80954457
2014-10-30	-0.012587	308.05	311.75	303.77	309.33	5392630
2014-10-29	-0.031533	298.33	299.45	293.30	302.37	41634135
2014-10-28	-0.012463	294.62	298.18	293.77	295.10	75986303
2014-10-27	0.027166	302.62	304.54	300.70	301.05	14612814
2014-10-24	0.020738	308.90	312.29	308.62	307.11	50610464
2014-10-23	-0.035876	297.81	303.53	297.10	296.69	37047512
2014-10-22	-0.008460	295.29	296.40	292.75	292.45	60388121
2014-10-21	0.006009	297.07	297.38	294.91	295.62	48717779
2014-10-20	-0.004312	295.79	296.33	293.98	297.25	26354424
2014-10-17	0.003988	296.97	298.10	295.25	298.95	28662319
2014-10-16	0.004702	298.36	300.57	295.68	299.13	65020558
2014-10-15	-0.002435	297.64	298.81	296.11	298.58	32368766
2014-10-14	0.002657	298.43	304.12	296.02	297.55	9728024
2014-10-13	0.003521	299.48	302.79	297.45	299.28	18383574
2014-10-10	-0.001066	299.16	300.43	298.35	298.34	35590842
2014-10-09	0.001124	299.50	299.99	298.90	298.42	60720570
2014-10-08	0.016678	304.49	305.13	300.16	306.14	64486844
2014-10-07	0.052609	320.51	324.02	313.16	322.67	86324057
2014-10-06	0.042577	334.16	336.04	333.41	333.89	25886788
2014-10-03	0.026059	342.86	348.14	337.70	342.24	17964144
2014-10-02	-0.036486	330.35	333.12	328.47	328.46	79936183
2014-10-01	-0.022164	323.03	328.30	319.19	323.20	96699169
2014-09-30	0.003309	324.10	326.66	322.36	324.02	53322584
2014-09-29	0.002763	325.00	329.21	323.67	325.05	19772154
2014-09-26	0.014672	329.76	329.97	328.99	331.81	18374728
2014-09-25	0.005241	331.49	332.29	329.31	331.93	64191928
2014-09-24	0.028855	341.06	343.95	338.85	340.89	92145617
2014-09-23	0.011567	345.00	348.64	340.52	341.35	86394529
2014-09-22	-0.000965	344.67	345.22	344.64	344.27	19777271
2014-09-19	0.012881	349.11	349.87	347.61	346.14	5412777
2014-09-18	0.027160	358.59	361.37	355.84	357.35	44708168
2014-09-17	-0.009877	355.05	357.78	351.44	355.54	74796840
2014-09-16	-0.020849	347.65	347.66	345.69	347.06	25874494
2014-09-15	0.017238	353.64	355.60	349.64	350.93	81251520
2014-09-12	-0.021642	345.99	350.85	345.02	342.42	69011676
2014-09-11	0.001599	346.54	346.89	345.65	345.99	53246991
2014-09-10	-0.003230	345.42	345.63	341.54	347.06	57557240
2014-09-09	0.001852	346.06	351.86	343.40	348.10	23703415
2014-09-08	0.003069	347.12	352.33	345.63	349.04	46688221
2014-09-05	0.014183	352.05	354.40	346.88	350.86	12644280
2014-09-04	0.051858	370.30	376.97	369.38	370.22	15070194
2014-09-03	0.020757	377.99	379.07	372.06	378.68	10273872
2014-09-02	-0.021548	369.84	370.95	369.30	366.66	26974616
2014-09-01	-0.010850	365.83	367.01	364.88	366.14	26029443
2014-08-29	0.001512	366.38	366.68	363.17	365.74	34262973
2014-08-28	-0.017357	360.02	362.10	356.00	363.38	21779194
2014-08-27	-0.000130	359.98	361.74	353.46	359.68	90366933
2014-08-26	0.005269	361.87	363.44	356.38	362.18	91422469
2014-08-25	-0.044039	345.94	347.24	345.76	347.93	77610863
2014-08-22	-0.019018	339.36	341.73	336.99	341.21	46488771
2014-08-21	-0.022409	331.75	336.49	331.38	332.00	20351846
2014-08-20	0.029031	341.39	344.91	330.38	344.29	40142996
2014-08-19	-0.015519	336.09	338.16	331.60	336.81	60948949
2014-08-18	-0.026238	327.27	330.79	322.99	326.61	76459284
2014-08-15	0.013153	331.57	334.49	330.08	332.99	29379777
2014-08-14	0.003482	332.73	334.96	332.02	332.80	42396350
2014-08-13	0.005963	334.71	336.37	329.42	334.39	72321619
2014-08-12	-0.028377	325.21	325.25	322.00	326.93	64246058
2014-08-11	-0.010396	321.83	322.30	320.92	321.55	20580644
2014-08-08	0.032568	332.31	334.92	332.31	332.47	12976139
2014-08-07	-0.028334	322.90	323.13	320.28	319.99	89448714
2014-08-06	0.010998	326.45	326.54	321.60	326.73	47261177
2014-08-05	-0.012430	322.39	328.57	319.31	323.98	60947203
2014-08-04	0.011883	326.22	326.56	325.32	326.86	28708414
2014-08-01	0.027090	335.06	337.80	328.97	335.19	8915170
2014-07-31	-0.038573	322.14	322.50	315.96	322.06	18166390
2014-07-30	0.017162	327.67	327.74	326.45	327.97	97545448
2014-07-29	-0.002805	326.75	333.53	324.55	326.50	26192694
2014-07-28	-0.018668	320.65	325.18	319.18	322.67	23521542
2014-07-25	0.023540	328.19	330.12	323.98	331.34	21625891
2014-07-24	-0.000651	327.98	328.74	327.11	328.56	72243219
2014-07-23	-0.009043	325.01	329.58	324.46	324.32	49441767
2014-07-22	0.007829	327.56	330.02	325.45	329.46	30611863
2014-07-21	0.002957	328.53	329.60	325.63	325.92	6434082
2014-07-18	0.011009	332.14	335.99	331.09	332.30	63364768
2014-07-17	0.004298	333.57	342.16	333.34	336.00	38662364
2014-07-16	-0.026051	324.88	327.34	324.36	324.37	28080758
2014-07-15	-0.008254	322.20	324.61	321.62	323.36	42741649
2014-07-14	0.014169	326.77	326.95	323.64	326.56	27727781
2014-07-11	-0.007161	324.43	326.06	323.84	321.67	89210019
2014-07-10	-0.007225	322.08	324.52	321.49	322.82	62239871
2014-07-09	0.019830	328.47	332.00	326.16	329.22	85462001
2014-07-08	0.021977	335.69	337.47	331.72	336.17	4897782
2014-07-07	0.000715	335.93	336.51	335.56	336.16	20251051
2014-07-04	-0.017695	329.98	330.02	329.05	329.21	59118987
2014-07-03	-0.036522	317.93	319.71	309.19	317.92	24984229
2014-07-02	0.032117	328.14	331.53	326.36	329.93	29177104
2014-07-01	0.042917	342.23	342.58	339.83	340.53	20941770
2014-06-30	0.002487	343.08	349.29	337.81	341.60	29557771
2014-06-27	-0.020084	336.19	339.70	335.95	337.23	37714450
2014-06-26	0.010713	339.79	341.80	339.25	340.75	38665537
2014-06-25	-0.001181	339.39	343.89	333.67	341.24	97978047
2014-06-24	0.011845	343.41	344.93	340.30	342.77	48155884
2014-06-23	-0.029921	333.13	336.26	333.04	333.58	91126416
2014-06-20	0.019730	339.70	339.83	339.68	341.68	77939949
2014-06-19	0.023444	347.67	352.85	344.15	349.59	66076664
2014-06-18	-0.003451	346.47	347.13	346.16	347.18	28512867
2014-06-17	0.008458	349.40	349.64	347.52	349.27	94833386
2014-06-16	-0.010773	345.64	350.18	345.51	347.30	55594289
2014-06-13	0.000131	345.68	346.14	343.13	346.30	36264236
2014-06-12	0.054880	364.65	372.59	359.07	364.89	2653168
2014-06-11	0.035719	377.68	382.15	376.76	378.39	82264296
2014-06-10	0.001280	378.16	390.01	372.84	376.62	48268252
2014-06-09	-0.019982	370.60	374.10	364.93	371.06	6437442
2014-06-06	-0.008561	367.43	372.23	365.00	364.75	52853282
2014-06-05	0.009858	371.05	372.11	365.48	372.22	86294177
2014-06-04	-0.025144	361.72	364.46	353.85	363.07	5335384
2014-06-03	-0.000505	361.54	362.58	356.13	359.04	61536452
2014-06-02	0.015893	367.29	367.57	363.70	369.34	8692538
2014-05-30	0.023803	376.03	376.31	375.78	376.67	88725530
2014-05-29	-0.005643	373.91	375.49	372.83	374.81	59610832
2014-05-28	-0.002793	372.86	376.00	366.66	369.54	90574755
2014-05-27	0.001559	373.44	374.33	368.83	375.35	70075953
2014-05-26	0.035700	386.78	393.40	385.02	384.02	26966795
2014-05-23	0.036688	400.97	408.72	391.11	398.55	52388665
2014-05-22	0.026168	411.46	417.55	407.91	409.69	64497025
2014-05-21	-0.009335	407.62	414.88	407.33	406.83	51617926
2014-05-20	0.020793	416.09	419.21	411.15	419.12	18024745
2014-05-19	0.007960	419.41	425.54	417.93	424.15	28932806
2014-05-16	-0.010039	415.20	416.59	402.68	415.66	30321462
2014-05-15	0.020652	423.77	424.81	420.44	424.87	52147137
2014-05-14	0.000360	423.92	428.31	422.82	424.28	85295651
2014-05-13	-0.006956	420.97	425.03	420.24	419.51	51428973
2014-05-12	0.031112	434.07	434.40	432.02	430.84	60150669
2014-05-09	0.005253	436.35	441.80	433.67	433.05	7806262
2014-05-08	0.044603	455.81	457.48	455.23	454.58	93546292
2014-05-07	0.008317	459.60	464.76	457.08	462.23	45674974
2014-05-06	-0.025888	447.71	451.09	436.32	452.22	75166693
2014-05-05	0.052084	471.02	472.78	470.45	469.22	54736708
2014-05-02	0.037285	488.59	489.52	480.34	485.25	59499486
2014-05-01	-0.005658	485.82	488.35	479.83	481.32	4342285
2014-04-30	-0.015990	478.05	485.70	476.43	475.95	97800493
2014-04-29	-0.039541	459.15	459.41	458.48	458.31	75626790
2014-04-28	0.023531	469.96	482.83	468.07	473.03	82694845
2014-04-25	0.030670	484.37	490.26	484.13	482.18	72831762
2014-04-24	0.010588	489.50	493.17	478.52	486.05	85680130
2014-04-23	-0.026652	476.45	477.26	476.30	473.43	79309801
2014-04-22	-0.022660	465.65	480.16	465.22	462.93	61239596
2014-04-21	-0.021001	455.88	456.63	452.65	458.70	95358542
2014-04-18	0.020105	465.04	469.12	456.90	462.61	1353260
2014-04-17	0.000074	465.08	466.80	461.95	464.37	46820312
2014-04-16	-0.024126	453.85	460.51	449.37	455.69	78366792
2014-04-15	-0.058411	427.34	433.24	417.66	426.77	68775119
2014-04-14	-0.001951	426.51	427.05	422.89	425.93	1643631
2014-04-11	0.008754	430.24	431.04	428.67	431.45	14908318
2014-04-10	-0.034081	415.58	417.29	413.67	412.39	2190327
2014-04-09	-0.001027	415.15	416.27	411.90	411.71	43472516
2014-04-08	0.003802	416.73	418.73	411.69	419.33	74303742
2014-04-07	0.023592	426.56	434.94	420.86	425.47	18430018
2014-04-04	-0.033064	412.46	415.20	411.51	414.51	29777930
2014-04-03	-0.033365	398.70	400.70	397.51	395.90	52544483
2014-04-02	0.011206	403.17	405.29	402.53	399.10	37960912
2014-04-01	-0.008982	399.55	399.71	397.59	398.70	73628658
2014-03-31	-0.030356	387.42	392.90	386.73	386.27	51464888
2014-03-28	0.004138	389.02	392.34	388.55	386.51	88939535
2014-03-27	-0.007570	386.08	386.76	381.40	387.01	6785092
2014-03-26	-0.039061	370.99	374.95	369.20	371.91	13218636
2014-03-25	-0.012482	366.36	366.85	363.99	364.43	26274457
2014-03-24	0.007675	369.18	370.49	367.56	367.58	92008073
2014-03-21	0.008494	372.31	379.17	370.81	372.05	69373876
2014-03-20	-0.003477	371.02	380.81	366.20	371.76	47505261
2014-03-19	-0.000823	370.71	373.69	368.51	372.16	53125596
2014-03-18	0.015975	376.63	379.19	372.00	376.22	14280171
2014-03-17	-0.025857	366.90	373.96	363.24	367.59	74227044
2014-03-14	0.000587	367.11	368.08	365.14	367.49	84591855
2014-03-13	0.026584	376.87	379.74	376.80	377.16	74929844
2014-03-12	-0.025537	367.25	368.65	362.86	368.33	30951970
2014-03-11	0.001487	367.79	368.88	365.66	365.37	64894771
2014-03-10	-0.011130	363.70	365.82	360.82	361.84	87069296
2014-03-07	0.001891	364.39	365.75	358.52	364.40	75970361
2014-03-06	0.055060	384.45	386.97	379.55	382.06	82426328
2014-03-05	-0.018048	377.51	380.68	376.29	375.98	29022116
2014-03-04	-0.013264	372.50	377.55	371.46	371.00	52699215
2014-03-03	0.030673	383.93	387.68	379.96	384.88	53389355
2014-02-28	0.019962	391.59	393.23	381.06	390.63	60140792
2014-02-27	0.003342	392.90	399.51	389.11	393.12	11217270
2014-02-26	0.007369	395.80	397.72	391.29	397.31	83175134
2014-02-25	0.002433	396.76	398.91	388.95	396.45	9503437
2014-02-24	0.017248	403.60	410.22	401.00	405.85	88375744
2014-02-21	0.010281	407.75	410.05	398.67	404.87	85883673
2014-02-20	0.026435	418.53	421.84	415.55	420.20	39935004
2014-02-19	-0.007545	415.37	420.66	409.71	411.86	57373370
2014-02-18	-0.023048	405.80	407.57	403.50	405.40	2752892
2014-02-17	0.014519	411.69	413.90	404.21	412.70	64713546
2014-02-14	0.007695	414.86	414.99	411.37	416.84	14716081
2014-02-13	-0.001941	414.06	414.33	406.05	412.38	24124475
2014-02-12	0.000074	414.09	416.35	412.08	411.26	45481624
2014-02-11	0.009852	418.17	423.57	416.02	421.50	94751509
2014-02-10	-0.007168	415.17	417.21	411.75	412.90	43722113
2014-02-07	-0.019422	407.11	409.48	404.27	411.02	80175539
2014-02-06	0.003106	408.37	417.84	402.56	404.32	40480312
2014-02-05	0.002116	409.23	412.27	405.94	413.91	88162351
2014-02-04	0.023210	418.73	422.79	416.33	416.53	40506797
2014-02-03	-0.027507	407.21	408.32	403.02	407.30	74584417
2014-01-31	0.016029	413.74	416.31	410.79	410.12	2360403
2014-01-30	-0.021400	404.89	408.09	398.66	405.88	7356823
2014-01-29	-0.028309	393.43	395.80	389.35	395.08	83452679
2014-01-28	0.020362	401.44	402.00	400.87	400.59	37663646
2014-01-27	-0.008044	398.21	402.04	392.40	399.77	49671870
2014-01-24	0.010082	402.22	404.24	392.48	403.75	18149766
2014-01-23	-0.012268	397.29	402.37	397.26	398.31	89667261
2014-01-22	-0.014025	391.72	392.63	384.25	390.55	89699015
2014-01-21	-0.012115	386.97	387.50	386.03	390.32	12353134
2014-01-20	0.019308	394.44	394.89	391.26	396.38	13014602
2014-01-17	-0.005031	392.46	397.21	390.35	387.58	51620548
2014-01-16	-0.008216	389.23	389.94	381.63	386.44	58868901
2014-01-15	-0.006231	386.81	390.81	385.58	388.22	4780207
2014-01-14	0.014885	392.56	393.27	388.38	392.42	47996550
2014-01-13	0.022846	401.53	406.76	388.95	398.55	50433435
2014-01-10	0.014474	407.35	411.93	406.21	410.21	75371784
2014-01-09	-0.027488	396.15	398.15	394.87	393.97	59262873
2014-01-08	0.010916	400.47	405.03	395.46	401.70	65822317
2014-01-07	0.020285	408.60	410.76	405.15	407.63	43354629
2014-01-06	0.003608	410.07	412.26	408.96	410.08	35203034
2014-01-03	0.019439	418.04	419.89	414.30	420.51	85141223
2014-01-02	-0.041916	400.52	401.13	399.59	400.84	26942598
