2016-01-01	0.029128	188.09	188.62	186.15	188.42	1131966
2015-12-31	0.053788	198.21	199.43	196.81	197.06	82693319
2015-12-30	0.038662	205.87	206.84	204.03	206.60	14707164
2015-12-29	-0.030334	199.62	199.65	197.26	201.85	57829051
2015-12-28	-0.038558	191.93	193.12	190.83	192.09	19582156
2015-12-25	0.042651	200.11	200.76	196.91	199.32	54926602
2015-12-24	0.009219	201.96	203.91	201.67	202.02	67788735
2015-12-23	-0.018662	198.19	203.26	196.47	196.74	41411204
2015-12-22	-0.008467	196.51	198.00	195.75	196.73	9525291
2015-12-21	0.002187	196.94	196.97	196.46	198.15	67718040
2015-12-18	0.015027	199.90	200.77	199.18	198.55	82521874
2015-12-17	0.022489	204.40	207.85	203.41	206.45	70122507
2015-12-16	-0.001014	204.19	204.92	203.93	205.47	27814086
2015-12-15	0.010046	206.24	209.03	204.35	203.77	25315211
2015-12-14	-0.014590	203.23	205.54	202.71	203.88	50283691
2015-12-11	-0.001945	202.84	205.84	199.04	203.92	17198704
2015-12-10	0.016977	206.28	206.71	204.89	206.19	67565692
2015-12-09	-0.016322	202.91	203.00	202.69	204.41	1831848
2015-12-08	-0.009325	201.02	201.28	198.74	201.38	43188582
2015-12-07	0.007739	202.58	207.55	202.54	203.54	85916900
2015-12-04	0.020255	206.68	207.25	205.97	206.93	34174996
2015-12-03	0.000806	206.84	208.25	205.28	206.57	97584355
2015-12-02	-0.006923	205.41	206.64	204.11	206.05	51398055
2015-12-01	0.006461	206.74	207.58	205.89	205.95	23654426
2015-11-30	0.003332	207.43	212.15	205.13	207.16	89468118
2015-11-27	-0.000054	207.42	210.83	202.21	207.54	34108942
2015-11-26	0.014048	210.33	213.94	208.85	209.47	98180000
2015-11-25	-0.017098	206.73	208.45	206.34	205.43	58823609
2015-11-24	0.025309	211.97	212.48	211.63	212.40	67908122
2015-11-23	-0.007241	210.43	210.95	205.60	210.92	44818473
2015-11-20	-0.001750	210.06	210.27	208.58	211.55	59990214
2015-11-19	-0.003934	209.24	209.67	209.18	210.16	68014871
2015-11-18	-0.001631	208.90	209.84	208.50	210.43	73569207
2015-11-17	-0.002338	208.41	208.46	205.36	207.28	49463075
2015-11-16	-0.014385	205.41	205.77	205.33	206.61	61404339
2015-11-13	-0.005896	204.20	204.66	202.65	203.02	17845949
2015-11-12	-0.000859	204.02	205.91	203.20	204.11	11298101
2015-11-11	0.021867	208.49	209.14	206.76	207.19	32675008
2015-11-10	0.006178	209.77	210.52	207.34	210.55	49616303
2015-11-09	0.007746	211.40	211.62	210.09	213.61	96035615
2015-11-06	0.024776	216.64	221.14	215.30	217.48	33853739
2015-11-05	0.007315	218.22	221.49	217.89	218.47	10349224
2015-11-04	0.016688	221.86	223.54	220.94	220.65	61861217
2015-11-03	-0.024056	216.53	218.35	213.88	217.14	54272916
2015-11-02	0.014926	219.76	220.08	219.30	219.47	32176155
2015-10-30	-0.010253	217.50	220.50	214.79	215.75	6521041
2015-10-29	0.024959	222.93	226.00	222.22	222.50	19592652
2015-10-28	0.014004	226.05	226.41	224.40	226.97	11170870
2015-10-27	0.021924	231.01	232.31	229.84	230.36	55002537
2015-10-26	0.008338	232.94	233.94	231.75	231.06	74915795
2015-10-23	0.049594	244.49	245.42	243.09	243.07	60079191
2015-10-22	-0.015467	240.71	243.40	239.97	239.87	55225720
2015-10-21	-0.020548	235.76	238.12	232.95	233.58	70488088
2015-10-20	0.003061	236.48	240.77	236.24	237.23	26224861
2015-10-19	-0.016543	232.57	233.12	231.71	232.07	93712735
2015-10-16	0.019111	237.02	238.47	232.22	237.08	30757220
2015-10-15	0.009527	239.27	239.85	237.75	238.73	11316209
2015-10-14	0.003789	240.18	241.32	238.84	238.93	99294630
2015-10-13	-0.006948	238.51	239.70	238.12	236.58	23965264
2015-10-12	-0.003222	237.74	238.16	236.01	236.69	5811801
2015-10-09	0.012397	240.69	241.04	239.40	243.39	60554342
2015-10-08	-0.018153	236.32	237.49	232.47	236.42	94786731
2015-10-07	0.011119	238.95	240.75	236.89	237.23	37190508
2015-10-06	-0.035377	230.50	232.72	229.30	230.35	35700701
2015-10-05	0.038533	239.38	241.38	237.93	239.24	29764518
2015-10-02	-0.033466	231.37	237.17	230.39	231.18	21028570
2015-10-01	-0.026587	225.22	226.03	223.70	224.56	76962631
2015-09-30	0.021455	230.05	231.22	228.68	230.92	89496767
2015-09-29	0.030384	237.04	237.81	233.32	236.94	9621376
2015-09-28	0.002910	237.73	241.53	233.09	237.13	21869075
2015-09-25	-0.031582	230.22	230.47	229.72	231.19	35350486
2015-09-24	0.000603	230.36	231.99	229.58	228.82	60126041
2015-09-23	0.028443	236.91	241.18	236.30	238.25	45035096
2015-09-22	-0.018681	232.48	234.27	230.73	231.73	90055481
2015-09-21	0.009886	234.78	236.13	234.07	234.46	27529789
2015-09-18	-0.006336	233.29	233.40	233.12	233.26	87196185
2015-09-17	0.018524	237.62	239.21	234.90	236.32	77652052
2015-09-16	-0.005158	236.39	237.11	232.29	236.15	91530780
2015-09-15	-0.003568	235.55	235.89	234.82	235.92	56481873
2015-09-14	-0.004667	234.45	234.87	233.74	236.76	42764679
2015-09-11	-0.017461	230.35	232.94	229.64	229.98	42262609
2015-09-10	0.007766	232.14	232.61	229.33	231.88	74669637
2015-09-09	-0.007242	230.46	234.71	227.41	231.64	80204193
2015-09-08	0.003719	231.32	231.71	230.51	231.72	7529810
2015-09-07	0.005087	232.50	234.26	229.75	234.46	63788722
2015-09-04	0.001876	232.93	235.00	232.02	233.21	60795294
2015-09-03	0.012622	235.87	240.41	234.19	237.29	78317520
2015-09-02	0.024831	241.73	241.97	240.24	241.34	66335407
2015-09-01	0.009123	243.93	248.42	243.10	243.21	2571920
2015-08-31	-0.020274	238.99	242.02	238.69	239.83	17029681
2015-08-28	0.034170	247.15	248.90	245.49	243.52	50830482
2015-08-27	0.031071	254.83	255.16	254.32	255.72	52292764
2015-08-26	0.025841	261.42	262.78	261.15	261.00	25873521
2015-08-25	0.034469	270.43	275.78	265.81	271.01	9804571
2015-08-24	-0.001780	269.95	273.00	268.78	269.59	32296290
2015-08-21	-0.008021	267.78	270.69	264.07	266.04	42327688
2015-08-20	0.004272	268.93	272.59	264.00	269.89	36920914
2015-08-19	-0.024064	262.46	266.31	261.04	262.60	86269167
2015-08-18	-0.038551	252.34	254.61	249.24	251.24	85385055
2015-08-17	0.029645	259.82	259.99	258.75	260.44	55867937
2015-08-14	-0.004157	258.74	259.29	257.06	259.69	99992800
2015-08-13	0.005308	260.11	260.77	257.36	261.21	24142303
2015-08-12	-0.000718	259.92	262.40	255.78	259.33	3711808
2015-08-11	-0.018894	255.01	255.54	252.77	254.69	79044441
2015-08-10	0.033051	263.44	265.49	260.84	262.29	85014696
2015-08-07	0.003641	264.40	265.17	262.92	264.32	32620903
2015-08-06	-0.016353	260.08	263.01	259.08	259.84	80366097
2015-08-05	-0.010484	257.35	257.73	256.07	257.26	34541245
2015-08-04	0.013762	260.89	263.35	259.36	261.79	3182047
2015-08-03	0.033462	269.62	273.70	265.24	268.90	96750694
2015-07-31	-0.012347	266.29	268.77	264.12	267.13	56886632
2015-07-30	-0.007813	264.21	266.85	261.73	262.93	28711942
2015-07-29	-0.005825	262.67	263.41	260.47	263.51	5735380
2015-07-28	0.027612	269.93	271.25	267.69	270.68	60204688
2015-07-27	-0.008252	267.70	268.31	264.13	267.28	98155097
2015-07-24	0.022823	273.81	275.05	273.44	274.48	93800157
2015-07-23	0.019294	279.09	281.66	276.41	278.06	45957305
2015-07-22	-0.023705	272.48	273.35	271.10	274.60	16074338
2015-07-21	-0.013580	268.78	271.97	267.34	267.64	74622555
2015-07-20	-0.003236	267.91	270.37	267.29	267.05	30703922
2015-07-17	0.000738	268.10	268.87	268.00	267.84	17978741
2015-07-16	0.009585	270.67	275.08	269.77	269.65	63444205
2015-07-15	0.031364	279.16	283.14	276.63	276.24	48224130
2015-07-14	-0.001452	278.76	279.07	277.00	280.56	52704350
2015-07-13	0.020597	284.50	288.73	283.54	285.80	26890976
2015-07-10	-0.024507	277.53	279.60	277.01	277.63	38842538
2015-07-09	-0.014154	273.60	275.98	269.13	272.20	57954996
2015-07-08	0.047118	286.49	288.58	286.23	284.94	95409227
2015-07-07	-0.006738	284.56	291.03	284.04	287.99	31097549
2015-07-06	0.004497	285.84	287.31	285.23	282.98	74712946
2015-07-03	-0.005998	284.13	285.99	282.04	284.49	3926067
2015-07-02	0.023870	290.91	291.25	288.57	292.97	16875398
2015-07-01	-0.000110	290.88	295.19	289.30	291.34	31478126
2015-06-30	-0.001447	290.45	293.86	286.08	289.63	5853699
2015-06-29	-0.016230	285.74	289.25	285.31	285.23	77940018
2015-06-26	0.003224	286.66	288.25	286.59	286.25	39813880
2015-06-25	0.012116	290.13	290.42	289.01	291.19	50102229
2015-06-24	0.037429	300.99	304.66	298.61	298.23	2878439
2015-06-23	0.023433	308.05	316.29	306.28	308.52	94052292
2015-06-22	-0.009020	305.27	309.07	304.66	304.19	27624695
2015-06-19	0.007324	307.50	308.83	305.20	307.20	89492312
2015-06-18	0.002091	308.15	308.17	303.77	307.06	41311073
2015-06-17	0.001660	308.66	309.07	305.34	308.31	66570598
2015-06-16	0.008766	311.36	316.52	308.21	313.64	3213463
2015-06-15	-0.023427	304.07	310.90	299.25	305.05	45482783
2015-06-12	0.041012	316.54	320.71	315.59	315.80	58338403
2015-06-11	-0.045325	302.19	305.41	299.53	306.53	74671751
2015-06-10	-0.011322	298.77	302.28	298.04	301.43	89566300
2015-06-09	0.006458	300.70	305.33	291.97	299.09	86731479
2015-06-08	-0.014116	296.46	298.18	295.60	294.62	41260096
2015-06-05	0.000359	296.56	296.95	293.26	294.21	27977167
2015-06-04	-0.045062	283.20	285.25	281.36	282.70	22700656
2015-06-03	0.024907	290.25	294.49	286.74	289.71	1563871
2015-06-02	-0.048883	276.06	281.63	275.54	275.62	57592074
2015-06-01	0.002830	276.85	278.72	276.46	278.01	28430986
2015-05-29	0.053281	291.60	295.14	285.99	292.89	7305029
2015-05-28	0.000177	291.65	291.66	288.62	293.23	11496813
2015-05-27	-0.019275	286.03	286.78	282.66	283.45	25499419
2015-05-26	0.003861	287.13	289.82	283.55	287.96	60255602
2015-05-25	0.028928	295.44	296.69	292.09	292.80	80697359
2015-05-22	-0.015403	290.89	292.70	285.54	288.45	63897050
2015-05-21	0.008422	293.34	296.37	291.94	294.94	66660593
2015-05-20	-0.014276	289.15	291.20	289.06	287.93	76434524
2015-05-19	-0.039076	277.85	279.38	277.75	279.73	1047464
2015-05-18	-0.018382	272.74	273.37	269.82	272.34	13480819
2015-05-15	-0.006193	271.05	271.54	263.73	271.26	20635559
2015-05-14	0.001162	271.37	272.66	269.41	270.21	75604402
2015-05-13	0.026973	278.69	280.92	275.42	278.07	43604957
2015-05-12	0.017750	283.63	288.35	277.70	285.14	95431487
2015-05-11	0.009463	286.32	288.86	279.64	285.38	16720065
2015-05-08	0.020467	292.18	293.75	291.58	291.59	5160302
2015-05-07	0.009373	294.92	300.02	292.34	295.31	81201397
2015-05-06	-0.006520	292.99	294.59	292.33	293.03	48981812
2015-05-05	0.044279	305.97	307.20	305.09	302.75	53214179
2015-05-04	0.002806	306.83	309.70	306.26	306.32	98085049
2015-05-01	-0.032628	296.82	301.29	295.91	295.22	54396673
2015-04-30	0.005638	298.49	298.60	297.66	300.93	17114521
2015-04-29	0.001008	298.79	304.50	298.12	300.68	21022044
2015-04-28	-0.016053	293.99	294.40	293.78	296.82	65208787
2015-04-27	-0.034671	283.80	287.06	282.05	285.48	40065868
2015-04-24	0.009080	286.38	286.98	282.73	286.81	37228495
2015-04-23	0.043634	298.87	303.65	297.09	297.78	57317420
2015-04-22	-0.003638	297.79	299.30	293.48	300.12	57326648
2015-04-21	-0.008471	295.26	295.87	292.15	297.22	60272941
2015-04-20	0.006791	297.27	298.90	296.12	295.48	14988102
2015-04-17	-0.026077	289.52	291.69	285.27	289.38	51037391
2015-04-16	0.036882	300.19	306.42	298.99	299.99	81912815
2015-04-15	0.042737	313.02	318.35	312.79	312.22	88055932
2015-04-14	0.022849	320.18	323.11	316.10	319.97	35654630
2015-04-13	0.005961	322.08	323.57	321.14	323.66	45360790
2015-04-10	-0.015666	317.04	317.99	315.40	317.56	9368669
2015-04-09	-0.015366	312.17	315.62	308.03	312.62	58329567
2015-04-08	0.010314	315.39	315.97	314.66	315.59	49799631
2015-04-07	-0.017785	309.78	314.30	307.28	310.12	12865381
2015-04-06	0.014437	314.25	318.23	312.19	315.20	40315481
2015-04-03	0.005438	315.96	321.65	310.16	316.35	93739223
2015-04-02	-0.005187	314.32	314.68	313.98	313.64	30033111
2015-04-01	-0.029755	304.97	312.86	302.17	306.48	1690883
2015-03-31	-0.041051	292.45	296.03	291.30	290.56	80899940
2015-03-30	-0.000434	292.32	294.25	288.88	291.27	13714688
2015-03-27	-0.004478	291.01	291.08	288.30	291.70	53769915
2015-03-26	-0.000318	290.92	292.08	284.65	293.69	69518246
2015-03-25	-0.028778	282.55	283.71	281.32	283.65	68682607
2015-03-24	-0.012156	279.11	279.68	277.12	277.15	27029818
2015-03-23	-0.018130	274.05	274.91	272.87	274.88	92958592
2015-03-20	0.004088	275.17	278.85	271.72	273.66	78634601
2015-03-19	0.004463	276.40	280.53	269.50	278.32	27174742
2015-03-18	-0.024059	269.75	272.51	263.49	268.83	10599084
2015-03-17	0.008092	271.93	272.80	270.23	272.37	48841904
2015-03-16	0.012388	275.30	276.02	272.85	271.73	60767292
2015-03-13	-0.017361	270.52	270.65	265.18	270.55	82378589
2015-03-12	-0.028979	262.68	263.36	259.04	262.35	95616698
2015-03-11	0.015914	266.86	270.46	261.87	269.41	38231539
2015-03-10	-0.035984	257.26	259.87	253.72	256.51	41105589
2015-03-09	-0.008026	255.20	258.61	254.49	253.57	6306304
2015-03-06	0.043991	266.42	267.89	265.28	267.60	79489845
2015-03-05	-0.012686	263.04	265.36	262.70	261.87	13165506
2015-03-04	-0.016843	258.61	261.96	256.28	255.04	85557284
2015-03-03	-0.000387	258.51	258.56	256.57	258.43	6581098
2015-03-02	0.026208	265.29	265.80	262.00	264.99	2020847
2015-02-27	-0.014163	261.53	263.89	259.50	260.49	40445388
2015-02-26	0.012386	264.77	265.33	263.44	264.39	68085521
2015-02-25	0.037588	274.72	280.50	270.78	273.77	14476071
2015-02-24	0.018972	279.93	280.27	279.17	279.71	46028853
2015-02-23	-0.016995	275.18	276.59	272.23	274.35	95413172
2015-02-20	0.023715	281.70	283.96	281.31	281.92	95080604
2015-02-19	-0.008904	279.19	279.94	278.79	275.89	84264615
2015-02-18	-0.001607	278.74	282.49	275.57	280.87	97133270
2015-02-17	0.022112	284.91	288.17	283.09	284.17	50360310
2015-02-16	0.011330	288.14	291.59	286.58	285.20	19579153
2015-02-13	0.028707	296.41	297.08	292.09	295.32	66073348
2015-02-12	0.036906	307.35	311.89	304.79	305.84	31241904
2015-02-11	0.006270	309.27	309.79	307.68	308.84	36743254
2015-02-10	-0.010645	305.98	308.72	301.82	304.82	2746196
2015-02-09	0.000417	306.11	312.38	303.33	307.18	60722260
2015-02-06	0.000882	306.38	311.43	304.09	309.01	2765239
2015-02-05	0.011938	310.04	312.22	305.52	309.31	92038372
2015-02-04	-0.036446	298.74	299.82	298.18	301.62	57475691
2015-02-03	0.018785	304.35	306.07	301.13	304.87	19879284
2015-02-02	-0.003555	303.27	304.84	302.46	300.01	43744214
2015-01-30	-0.000443	303.13	304.19	301.68	302.09	64495864
2015-01-29	0.011717	306.68	307.87	304.70	302.86	69294168
2015-01-28	0.019325	312.61	315.48	309.97	315.00	4903108
2015-01-27	-0.005279	310.96	311.05	310.02	309.70	16659522
2015-01-26	0.041562	323.88	326.51	320.01	323.49	42274187
2015-01-23	0.009151	326.85	328.25	325.81	327.43	92324612
2015-01-22	-0.024766	318.75	321.27	317.22	318.42	58482368
2015-01-21	0.026770	327.29	331.16	321.20	325.19	15506679
2015-01-20	0.001224	327.69	328.67	325.52	328.25	55355710
2015-01-19	-0.010081	324.38	328.50	323.61	327.15	8840966
2015-01-16	0.056389	342.68	347.44	337.61	342.07	58180769
2015-01-15	-0.019609	335.96	341.40	331.93	335.01	10503664
2015-01-14	-0.016636	330.37	343.62	326.17	330.68	83127890
2015-01-13	-0.017706	324.52	325.14	323.03	323.87	83082417
2015-01-12	-0.014990	319.65	320.98	318.77	320.69	64086739
2015-01-09	0.029571	329.11	329.60	328.82	328.05	20923013
2015-01-08	0.003585	330.29	335.46	329.49	327.55	59597533
2015-01-07	-0.014492	325.50	328.92	325.11	326.63	30412525
2015-01-06	-0.001573	324.99	328.81	324.27	323.85	64687968
2015-01-05	0.010582	328.43	330.43	328.08	327.67	65856734
2015-01-02	-0.004639	326.90	329.43	325.54	323.75	26159405
2015-01-01	-0.009650	323.75	324.58	321.31	323.26	49437428
2014-12-31	0.025207	331.91	336.11	329.99	332.08	89983506
2014-12-30	0.011260	335.65	338.95	333.48	334.22	75858619
2014-12-29	0.027458	344.86	348.29	343.80	341.62	11850420
2014-12-26	0.001497	345.38	347.21	345.22	347.40	55986779
2014-12-25	-0.027905	335.74	338.59	332.21	336.11	15386176
2014-12-24	-0.033657	324.44	330.27	322.46	326.15	31483274
2014-12-23	-0.012198	320.48	323.41	318.96	320.03	41186195
2014-12-22	-0.008375	317.80	321.60	311.40	322.59	84708570
2014-12-19	0.003256	318.83	319.00	317.06	317.11	40412028
2014-12-18	-0.021029	312.13	312.33	310.76	313.77	3517878
2014-12-17	-0.011163	308.65	310.43	305.13	307.46	10475101
2014-12-16	-0.015383	303.90	305.40	303.07	302.80	22267965
2014-12-15	-0.004685	302.47	302.67	295.50	300.45	86130871
2014-12-12	-0.014060	298.22	302.80	292.11	297.10	32812698
2014-12-11	0.015586	302.87	305.91	298.36	301.74	39301915
2014-12-10	-0.001220	302.50	303.11	301.40	300.63	67007180
2014-12-09	-0.009909	299.50	303.17	293.63	300.79	66497627
2014-12-08	0.017666	304.79	308.41	303.29	306.41	88464900
2014-12-05	0.007368	307.04	309.04	304.03	305.79	67797872
2014-12-04	-0.007766	304.65	307.38	303.50	301.12	86078918
2014-12-03	-0.001388	304.23	307.60	302.03	302.57	75239178
2014-12-02	-0.000651	304.03	306.01	303.79	305.44	26960522
2014-12-01	-0.014212	299.71	300.89	295.10	298.35	80733989
2014-11-28	0.001512	300.17	300.60	296.98	300.37	76686585
2014-11-27	0.000542	300.33	300.70	299.00	300.99	30284608
2014-11-26	0.000639	300.52	300.72	298.66	301.14	30919161
2014-11-25	-0.030211	291.44	295.59	288.71	290.83	84103545
2014-11-24	0.015041	295.82	296.28	293.05	294.99	49662338
2014-11-21	-0.002402	295.11	295.38	295.09	291.62	34608461
2014-11-20	0.002652	295.90	303.94	291.22	295.69	38107944
2014-11-19	0.013051	299.76	301.20	292.78	299.35	55817116
2014-11-18	0.014076	303.98	304.65	303.07	305.21	96973883
2014-11-17	-0.026843	295.82	300.98	293.65	295.27	70353471
2014-11-14	0.003287	296.79	300.37	295.55	294.79	13900522
2014-11-13	-0.006031	295.00	297.05	294.65	293.98	79120027
2014-11-12	0.005008	296.48	300.64	292.52	294.53	39932690
2014-11-11	-0.027658	288.28	290.51	283.89	287.71	82732901
2014-11-10	-0.001941	287.72	291.39	286.29	287.47	5985609
2014-11-07	-0.003220	286.79	288.19	285.71	283.68	24304733
2014-11-06	-0.015153	282.45	282.55	278.83	282.29	11728408
2014-11-05	0.030428	291.04	296.95	287.43	290.29	90422225
2014-11-04	0.006418	292.91	294.86	292.05	294.83	2140771
2014-11-03	0.007690	295.16	303.05	291.79	294.07	9051061
2014-10-31	0.031291	304.40	305.87	303.20	304.45	59887387
2014-10-30	-0.029365	295.46	297.90	293.37	294.38	94951667
2014-10-29	-0.013813	291.38	293.32	288.95	291.37	57821608
2014-10-28	-0.005117	289.89	290.92	287.63	292.71	71887697
2014-10-27	-0.001384	289.48	290.02	287.81	289.55	29651605
2014-10-24	0.022150	295.90	296.40	295.02	296.44	83969669
2014-10-23	0.024460	303.13	307.76	302.06	301.53	59658386
2014-10-22	-0.012240	299.42	301.70	296.45	299.63	58393042
2014-10-21	-0.007382	297.21	297.68	297.09	295.54	16965259
2014-10-20	-0.010691	294.04	295.18	289.63	292.56	76396707
2014-10-17	-0.011872	290.54	290.99	290.24	291.40	33935968
2014-10-16	0.023742	297.44	299.98	290.55	298.27	86114406
2014-10-15	0.015613	302.09	302.23	301.44	301.48	45855606
2014-10-14	0.009544	304.97	308.13	304.43	304.84	70599755
2014-10-13	0.015896	309.82	309.91	307.54	308.92	57102010
2014-10-10	-0.024804	302.13	302.23	300.00	304.25	62506313
2014-10-09	0.003095	303.07	309.93	302.66	301.60	28109844
2014-10-08	-0.023373	295.98	296.46	290.39	294.35	66250818
2014-10-07	-0.031858	286.55	287.60	285.79	284.60	45039104
2014-10-06	0.013331	290.38	291.49	287.08	290.14	51775151
2014-10-03	-0.010687	287.27	290.96	285.12	288.94	61670816
2014-10-02	0.004438	288.55	288.84	287.56	289.70	83350500
2014-10-01	-0.007646	286.34	292.81	284.00	287.03	51816794
2014-09-30	0.005227	287.84	287.91	284.12	288.74	13438033
2014-09-29	-0.008826	285.30	286.28	281.96	285.35	72597736
2014-09-26	-0.017972	280.17	281.97	277.58	281.39	43881079
2014-09-25	-0.010011	277.36	279.42	275.47	275.61	36079787
2014-09-24	0.019814	282.86	283.22	281.05	281.03	34602034
2014-09-23	-0.000487	282.72	284.65	278.10	280.74	87922354
2014-09-22	-0.018332	277.54	277.96	277.43	276.94	78288827
2014-09-19	-0.027490	269.91	271.18	267.36	269.36	36928232
2014-09-18	0.015368	274.06	275.11	273.52	273.68	2814312
2014-09-17	-0.006685	272.23	273.67	268.71	273.92	24711728
2014-09-16	-0.039830	261.38	265.05	261.11	261.96	49313527
2014-09-15	-0.012616	258.09	258.59	255.41	259.41	74555992
2014-09-12	0.016543	262.36	265.58	259.06	263.06	27917864
2014-09-11	-0.003199	261.52	264.71	260.60	262.77	3662702
2014-09-10	0.013136	264.95	265.73	264.53	264.24	95994248
2014-09-09	0.040432	275.66	275.74	273.84	275.18	15445332
2014-09-08	0.021460	281.58	284.02	278.06	285.16	61108170
2014-09-05	-0.005185	280.12	280.34	276.07	280.24	77447064
2014-09-04	-0.006389	278.33	279.35	274.86	278.22	9058886
2014-09-03	0.045799	291.08	293.69	285.85	291.07	5892289
2014-09-02	-0.020986	284.97	288.89	283.31	288.13	91828193
2014-09-01	-0.021498	278.84	279.73	278.36	281.06	16480829
2014-08-29	0.026340	286.19	286.85	285.88	283.09	76657424
2014-08-28	-0.005009	284.75	286.34	282.77	284.23	96503612
2014-08-27	0.017797	289.82	290.10	288.29	290.66	27750358
2014-08-26	-0.000789	289.59	298.82	286.73	288.16	98078797
2014-08-25	-0.008096	287.25	291.32	286.36	289.19	85260288
2014-08-22	0.003702	288.31	290.65	281.88	288.14	40818911
2014-08-21	-0.043093	275.89	278.75	271.37	275.81	56274155
2014-08-20	-0.024841	269.03	269.29	264.29	269.84	54217762
2014-08-19	-0.014863	265.03	267.06	263.12	264.20	98280406
2014-08-18	-0.032391	256.45	259.35	253.96	256.46	46332408
2014-08-15	-0.006102	254.89	256.07	253.80	254.38	47305195
2014-08-14	0.017673	259.39	263.57	257.43	258.56	86757865
2014-08-13	-0.031342	251.26	252.19	250.31	251.88	81202748
2014-08-12	-0.035630	242.31	243.71	241.59	241.46	45609719
2014-08-11	-0.005123	241.07	241.64	240.00	239.98	38915322
2014-08-08	-0.002994	240.34	242.34	239.00	240.48	26374315
2014-08-07	0.023927	246.10	248.95	242.69	241.81	64128467
2014-08-06	0.037640	255.36	256.29	253.89	256.51	20854999
2014-08-05	0.012586	258.57	260.24	256.50	258.50	3134829
2014-08-04	-0.003398	257.69	261.27	256.58	260.98	64595923
2014-08-01	0.007318	259.58	260.81	257.47	258.72	25485892
2014-07-31	0.004665	260.79	260.93	260.76	263.24	55884440
2014-07-30	0.012182	263.97	265.03	260.69	261.61	94563598
2014-07-29	0.003392	264.86	271.08	264.63	262.97	3546905
2014-07-28	0.003017	265.66	266.95	262.68	268.04	70155239
2014-07-25	-0.005417	264.22	265.88	261.20	262.95	20601207
2014-07-24	-0.007535	262.23	262.96	259.47	261.30	20147837
2014-07-23	0.017716	266.88	272.59	264.59	267.96	48496007
2014-07-22	-0.017214	262.28	263.37	258.50	263.88	42845205
2014-07-21	0.039568	272.66	276.67	272.19	271.75	9399713
2014-07-18	0.013842	276.44	276.66	269.23	276.96	20257802
2014-07-17	0.006664	278.28	278.89	276.71	277.83	56225635
2014-07-16	0.013524	282.04	282.46	277.94	280.61	80827289
2014-07-15	-0.001272	281.68	283.01	281.48	278.89	5879122
2014-07-14	-0.006892	279.74	281.45	273.40	279.81	75231003
2014-07-11	-0.010124	276.91	279.83	276.78	277.23	34421711
2014-07-10	-0.028811	268.93	273.06	264.40	271.69	48980251
2014-07-09	-0.002864	268.16	271.59	265.54	266.48	93456008
2014-07-08	-0.042413	256.79	261.51	255.90	256.51	91244503
2014-07-07	0.001188	257.09	257.61	256.15	256.83	11310300
2014-07-04	-0.009322	254.70	255.19	253.00	254.51	27741395
2014-07-03	-0.013975	251.14	252.40	250.26	249.82	51772016
2014-07-02	-0.006830	249.42	250.60	245.83	247.90	67050402
2014-07-01	0.019798	254.36	256.51	254.02	255.46	2140886
2014-06-30	0.005479	255.75	256.20	254.03	255.43	73174508
2014-06-27	0.002754	256.46	257.08	255.83	254.91	25082394
2014-06-26	-0.010625	253.73	257.55	252.16	254.12	42136980
2014-06-25	0.009160	256.06	256.79	251.86	255.85	43766955
2014-06-24	0.005098	257.36	261.51	256.62	258.35	62676747
2014-06-23	-0.002674	256.67	259.62	256.10	256.33	26266104
2014-06-20	0.004686	257.88	259.02	257.26	257.20	96118944
2014-06-19	-0.028660	250.49	251.74	249.29	251.79	85491457
2014-06-18	0.030613	258.15	258.38	257.59	259.02	39441007
2014-06-17	-0.032570	249.75	250.22	249.06	248.48	97178946
2014-06-16	0.018724	254.42	255.73	253.20	254.05	74674790
2014-06-13	-0.005608	253.00	254.13	250.31	252.45	12912116
2014-06-12	-0.016879	248.72	254.27	247.28	249.17	37124068
2014-06-11	0.009730	251.15	252.00	249.01	250.66	32127842
2014-06-10	-0.020263	246.06	247.79	241.65	243.21	26539983
2014-06-09	0.010590	248.66	252.07	247.45	248.61	70599661
2014-06-06	-0.022275	243.12	244.07	242.68	243.50	65273484
2014-06-05	0.007907	245.04	245.50	242.25	245.04	76380089
2014-06-04	0.014450	248.59	250.54	247.41	247.71	9595140
2014-06-03	-0.005026	247.34	248.68	247.29	245.08	63075895
2014-06-02	-0.011802	244.42	247.50	242.49	247.05	88538764
2014-05-30	-0.015468	240.64	241.52	236.11	238.51	96691148
2014-05-29	0.008207	242.61	247.40	239.54	242.87	39980483
2014-05-28	0.029029	249.65	252.92	249.30	251.41	37494257
2014-05-27	-0.003847	248.69	250.28	247.99	248.99	70854208
2014-05-26	0.032303	256.73	258.30	250.79	255.54	52807326
2014-05-23	-0.011784	253.70	256.52	251.73	253.40	8411751
2014-05-22	0.013893	257.23	257.64	257.11	257.91	68176908
2014-05-21	-0.002719	256.53	256.81	254.81	253.76	59493422
2014-05-20	0.005677	257.98	258.44	252.05	254.79	73817644
2014-05-19	0.022784	263.86	267.46	262.06	264.97	7194046
2014-05-16	0.012200	267.08	270.07	263.63	267.96	86523872
2014-05-15	0.032437	275.74	278.18	274.24	276.93	34507912
2014-05-14	-0.011392	272.60	274.19	272.10	272.28	38218566
2014-05-13	-0.035702	262.87	262.95	262.51	264.51	55707044
2014-05-12	-0.011103	259.95	260.51	258.98	260.25	56142908
2014-05-09	0.029161	267.53	269.72	266.78	268.06	93164448
2014-05-08	0.005550	269.02	269.96	268.74	269.21	40917007
2014-05-07	0.006046	270.64	273.69	267.85	269.02	95331415
2014-05-06	0.002301	271.27	275.31	268.94	271.05	59432099
2014-05-05	0.003922	272.33	272.87	269.83	272.00	76535765
2014-05-02	-0.012108	269.03	269.18	266.83	270.34	12676352
2014-05-01	-0.008697	266.69	268.84	264.15	267.11	57098276
2014-04-30	0.002713	267.42	269.69	267.04	267.33	99026867
2014-04-29	0.017263	272.03	275.98	269.64	272.79	19188243
2014-04-28	-0.018459	267.01	269.86	266.67	265.71	15740860
2014-04-25	-0.036432	257.28	259.22	253.06	258.17	66023225
2014-04-24	0.006391	258.93	260.10	256.12	258.51	62148851
2014-04-23	0.010666	261.69	263.93	256.39	261.08	42783712
2014-04-22	-0.010803	258.86	259.98	256.53	255.35	70167420
2014-04-21	0.009722	261.38	262.72	260.56	262.97	85086845
2014-04-18	-0.017753	256.74	257.30	254.96	259.25	10495536
2014-04-17	0.005177	258.07	259.12	253.20	257.58	44373643
2014-04-16	-0.028421	250.73	253.55	244.35	251.39	75034992
2014-04-15	0.007595	252.64	252.85	250.12	253.65	65538688
2014-04-14	-0.004551	251.49	256.32	250.25	249.31	63574351
2014-04-11	0.025865	257.99	258.54	257.68	259.42	67730845
2014-04-10	0.012878	261.32	263.89	257.74	261.23	28840028
2014-04-09	-0.014573	257.51	260.38	253.63	254.99	75659928
2014-04-08	-0.004336	256.39	256.92	255.02	257.47	34463480
2014-04-07	0.004245	257.48	261.82	251.77	256.86	63429181
2014-04-04	0.004487	258.64	258.84	255.27	255.50	95436238
2014-04-03	0.014598	262.41	264.71	260.99	263.96	23761614
2014-04-02	-0.014116	258.71	262.96	253.70	259.05	84508298
2014-04-01	0.034225	267.56	268.25	266.05	265.15	78808634
2014-03-31	0.007952	269.69	270.44	269.27	271.89	70435861
2014-03-28	0.006346	271.40	271.82	269.67	271.13	6522098
2014-03-27	0.009600	274.01	277.14	273.20	274.29	18080231
2014-03-26	0.009629	276.64	278.23	274.44	277.70	98179553
2014-03-25	0.018460	281.75	287.90	278.61	280.69	21801451
2014-03-24	-0.005158	280.30	280.81	278.22	280.21	63205733
2014-03-21	-0.023741	273.64	275.40	270.60	269.74	50634685
2014-03-20	0.016290	278.10	284.21	276.40	279.56	6857831
2014-03-19	0.006415	279.88	281.17	278.25	280.51	82092411
2014-03-18	-0.003462	278.92	281.91	278.32	281.31	8233909
2014-03-17	-0.018047	273.88	276.10	273.53	270.99	51111607
2014-03-14	0.012626	277.34	279.33	275.57	278.01	9544496
2014-03-13	0.004206	278.51	283.93	275.87	277.28	96028995
2014-03-12	-0.046817	265.47	266.05	260.15	262.67	89313067
2014-03-11	-0.016886	260.99	261.98	260.48	259.62	85976879
2014-03-10	0.042527	272.08	273.83	270.71	272.03	24369468
2014-03-07	0.009634	274.71	276.39	271.22	275.05	74725738
2014-03-06	0.015391	278.93	281.77	278.74	276.34	73902394
2014-03-05	-0.001904	278.40	278.74	274.35	278.83	51866312
2014-03-04	-0.007545	276.30	277.72	275.10	274.17	95504351
2014-03-03	-0.001388	275.92	276.73	275.50	279.32	21951986
2014-02-28	-0.009508	273.30	273.76	271.70	273.71	79881716
2014-02-27	0.003343	274.21	275.02	273.75	274.27	96919858
2014-02-26	-0.003547	273.24	274.04	271.13	273.36	98975821
2014-02-25	0.015115	277.37	278.74	275.56	278.50	47145921
2014-02-24	-0.030468	268.92	272.86	268.08	270.60	79640236
2014-02-21	-0.017831	264.12	266.37	261.97	263.41	6757125
2014-02-20	0.004589	265.33	266.11	263.68	264.05	53896659
2014-02-19	-0.008380	263.11	269.13	260.21	263.78	41784756
2014-02-18	-0.016052	258.89	259.90	257.24	260.09	28745497
2014-02-17	-0.005225	257.53	258.00	257.48	256.50	66169964
2014-02-14	0.011768	260.56	261.39	259.58	260.83	84414871
2014-02-13	-0.000834	260.35	265.86	258.60	261.04	47584348
2014-02-12	-0.037489	250.59	252.18	246.58	249.17	27472723
2014-02-11	-0.004166	249.54	250.25	245.16	251.17	39805377
2014-02-10	0.005522	250.92	253.31	246.64	250.37	68080980
2014-02-07	0.001057	251.19	253.56	250.78	250.65	60838971
2014-02-06	0.014487	254.82	255.90	251.66	254.94	59287194
2014-02-05	0.035838	263.96	268.15	263.85	265.92	76638221
2014-02-04	0.013070	267.41	269.44	266.81	265.51	85596741
2014-02-03	-0.011743	264.27	270.19	260.65	266.79	76517155
2014-01-31	-0.012379	261.00	261.22	260.34	262.53	32862403
2014-01-30	-0.002887	260.24	260.70	257.93	261.46	61150505
2014-01-29	0.009755	262.78	267.43	260.55	264.38	17854434
2014-01-28	-0.020025	257.52	259.86	255.55	257.72	85063582
2014-01-27	-0.009561	255.06	256.28	252.14	252.90	3953186
2014-01-24	0.009842	257.57	259.25	255.10	256.98	4502317
2014-01-23	-0.018077	252.91	259.77	251.33	251.60	41076418
2014-01-22	0.012851	256.16	256.75	254.36	255.42	7666001
2014-01-21	0.018774	260.97	262.26	256.84	260.67	88813877
2014-01-20	-0.036928	251.33	253.40	249.53	251.18	27129406
2014-01-17	-0.004877	250.11	252.29	246.29	251.86	39389078
2014-01-16	0.006554	251.75	255.86	248.27	251.82	68432976
2014-01-15	0.004313	252.83	253.96	251.40	251.94	67226751
2014-01-14	0.032299	261.00	265.61	260.42	260.99	13097416
2014-01-13	-0.008605	258.75	260.55	258.58	258.50	81655590
2014-01-10	0.028423	266.11	267.50	262.55	267.96	54744115
2014-01-09	0.009573	268.65	271.22	265.32	268.95	24333709
2014-01-08	-0.013674	264.98	272.97	263.44	268.17	22760255
2014-01-07	0.006448	266.69	267.79	265.63	266.33	35526369
2014-01-06	0.005047	268.04	270.50	267.65	268.49	49365193
2014-01-03	0.032964	276.87	280.39	275.69	277.26	67962105
2014-01-02	0.013310	280.56	283.16	280.52	281.22	80403142
