2016-01-01	-0.003104	214.89	216.40	212.19	214.78	52143393
2015-12-31	-0.036949	206.95	209.24	204.17	205.75	77165507
2015-12-30	0.025629	212.25	213.01	209.27	213.30	96138362
2015-12-29	-0.007507	210.66	210.91	210.06	209.92	69451742
2015-12-28	0.005012	211.72	213.85	209.28	211.74	87979396
2015-12-25	-0.007724	210.08	210.93	209.54	210.92	84324102
2015-12-24	-0.032107	203.34	203.53	202.80	202.95	58562964
2015-12-23	-0.008136	201.68	203.64	201.48	199.92	88906520
2015-12-22	0.005291	202.75	204.08	202.17	202.80	9293756
2015-12-21	0.003234	203.40	205.16	202.06	203.60	62753019
2015-12-18	0.009340	205.30	207.38	202.87	205.27	66525732
2015-12-17	-0.010338	203.18	204.63	202.79	203.00	68367823
2015-12-16	0.023609	207.98	208.65	206.98	208.31	68865890
2015-12-15	-0.018787	204.07	205.78	203.82	204.76	90718235
2015-12-14	0.008471	205.80	207.62	205.48	203.51	13701177
2015-12-11	-0.014675	202.78	204.78	202.26	202.68	90777914
2015-12-10	0.014885	205.80	206.95	204.41	206.13	66297330
2015-12-09	-0.006178	204.53	208.42	202.12	204.07	44757593
2015-12-08	-0.007337	203.03	206.29	202.87	201.79	15965455
2015-12-07	0.018757	206.83	208.60	204.46	206.63	95624956
2015-12-04	0.006821	208.25	211.61	205.03	206.68	54171949
2015-12-03	0.011495	210.64	211.18	209.46	210.48	60420726
2015-12-02	-0.014305	207.63	211.98	206.89	208.16	85333111
2015-12-01	-0.013244	204.88	205.89	204.68	204.61	96970643
2015-11-30	0.011118	207.15	208.95	206.75	205.71	28943838
2015-11-27	0.042002	215.85	217.02	212.40	215.02	59952110
2015-11-26	-0.031471	209.06	210.58	205.73	207.66	47879900
2015-11-25	-0.001511	208.75	209.44	206.94	209.78	85466984
2015-11-24	0.004788	209.74	212.96	209.10	210.73	64368861
2015-11-23	0.005249	210.85	214.81	208.73	211.93	63182068
2015-11-20	-0.003523	210.10	211.43	209.95	210.67	39552846
2015-11-19	-0.008341	208.35	212.88	206.59	206.91	70816839
2015-11-18	0.025583	213.68	214.16	211.35	213.59	29912229
2015-11-17	0.010526	215.93	219.40	213.45	215.68	54042807
2015-11-16	-0.000712	215.78	216.13	215.21	215.92	88180717
2015-11-13	-0.010638	213.48	215.17	212.21	214.07	39964805
2015-11-12	0.001843	213.87	218.38	211.58	213.45	42790669
2015-11-11	0.004728	214.89	216.87	214.57	214.24	43882601
2015-11-10	0.049133	225.44	229.17	222.12	223.95	16833032
2015-11-09	-0.003172	224.73	227.93	222.63	223.29	87039758
2015-11-06	0.023899	230.10	230.70	228.88	229.63	11412414
2015-11-05	-0.039094	221.10	223.97	220.78	221.95	64775361
2015-11-04	-0.004271	220.16	222.38	216.56	220.27	39407968
2015-11-03	0.050342	231.24	235.26	230.13	231.11	33944555
2015-11-02	0.001199	231.52	231.81	231.11	231.00	52194355
2015-10-30	-0.042481	221.68	225.56	220.86	223.51	52717395
2015-10-29	0.021972	226.56	232.10	224.17	226.18	96061134
2015-10-28	0.027856	232.87	234.24	230.93	235.06	93073045
2015-10-27	-0.013153	229.80	230.02	227.02	230.34	46538264
2015-10-26	-0.002197	229.30	231.38	228.76	228.91	6235324
2015-10-23	0.028428	235.82	237.16	231.35	235.54	25314890
2015-10-22	-0.002507	235.23	235.81	234.95	234.97	93134096
2015-10-21	-0.005426	233.95	238.10	231.83	234.24	8824405
2015-10-20	0.001358	234.27	235.00	231.52	233.44	34233961
2015-10-19	-0.002658	233.64	233.87	232.28	232.71	75214205
2015-10-16	0.002432	234.21	235.48	233.34	235.19	15609434
2015-10-15	0.020666	239.05	240.05	234.66	239.57	62177959
2015-10-14	0.001311	239.37	243.14	237.12	238.03	63181482
2015-10-13	0.007264	241.11	245.69	237.94	240.98	4374137
2015-10-12	-0.012689	238.05	240.21	237.00	237.92	82657359
2015-10-09	0.043539	248.41	249.87	245.56	248.64	43600106
2015-10-08	0.003269	249.22	250.18	245.76	247.97	57276979
2015-10-07	-0.009603	246.83	250.41	245.06	247.38	92191777
2015-10-06	-0.003836	245.88	249.22	242.43	245.60	58076257
2015-10-05	-0.025712	239.56	239.71	238.32	241.17	55434876
2015-10-02	-0.000877	239.35	242.89	237.09	239.08	89263232
2015-10-01	-0.025248	233.31	235.04	233.11	233.72	30315903
2015-09-30	0.006725	234.88	239.16	232.28	233.66	1040838
2015-09-29	-0.022070	229.69	232.27	227.26	231.31	56010369
2015-09-28	-0.020481	224.99	226.44	224.19	227.03	79458948
2015-09-25	0.004673	226.04	227.73	224.57	226.64	73418332
2015-09-24	-0.005744	224.74	225.49	223.70	226.31	55114209
2015-09-23	0.005624	226.00	226.23	225.84	223.96	6124695
2015-09-22	0.029903	232.76	235.24	232.00	234.03	24118462
2015-09-21	0.036600	241.28	241.51	240.25	241.71	41071315
2015-09-18	0.014236	244.72	246.80	244.03	243.00	92664183
2015-09-17	-0.013962	241.30	244.95	240.61	239.93	10819109
2015-09-16	-0.013690	238.00	240.84	236.39	238.55	60429871
2015-09-15	0.016430	241.91	245.94	240.33	241.77	43178076
2015-09-14	0.006103	243.38	243.79	243.09	244.16	71005281
2015-09-11	-0.034018	235.10	235.81	231.91	234.30	56707205
2015-09-10	-0.009499	232.87	233.27	229.34	232.69	91631402
2015-09-09	-0.008285	230.94	231.46	228.43	228.97	19558193
2015-09-08	-0.035029	222.85	223.48	221.62	222.19	94689473
2015-09-07	0.014201	226.02	227.80	224.90	228.03	15148180
2015-09-04	0.027104	232.14	233.27	231.48	232.62	45671579
2015-09-03	-0.023508	226.69	227.72	223.35	226.60	86106581
2015-09-02	-0.020383	222.06	222.77	221.64	220.97	19755688
2015-09-01	0.027238	228.11	228.42	226.76	226.78	43419177
2015-08-31	0.033480	235.75	236.43	234.80	235.16	4503109
2015-08-28	-0.024956	229.87	232.57	227.36	230.04	30516001
2015-08-27	0.010013	232.17	237.03	231.57	230.68	68654850
2015-08-26	-0.004154	231.20	232.41	228.78	230.13	36077390
2015-08-25	0.016814	235.09	238.04	234.18	235.22	43105745
2015-08-24	-0.017358	231.01	232.83	230.27	230.60	70965046
2015-08-21	-0.018159	226.82	227.42	222.86	226.66	14166953
2015-08-20	0.013723	229.93	232.03	225.97	230.17	46531993
2015-08-19	-0.006773	228.37	229.69	226.22	227.42	70659800
2015-08-18	0.021306	233.24	234.33	233.01	233.17	73811194
2015-08-17	-0.006945	231.62	232.02	229.52	231.52	25450236
2015-08-14	-0.002772	230.98	232.06	229.92	229.96	15504144
2015-08-13	-0.019702	226.42	228.73	222.02	227.42	29180869
2015-08-12	-0.004362	225.44	226.44	223.95	225.14	15056730
2015-08-11	-0.008502	223.52	223.82	221.49	223.44	92132680
2015-08-10	-0.011627	220.92	223.88	220.81	221.68	32536999
2015-08-07	-0.025975	215.18	216.03	214.27	217.18	39623957
2015-08-06	0.015870	218.60	219.00	215.07	218.95	86475178
2015-08-05	0.020048	222.98	223.50	220.70	223.47	30437742
2015-08-04	0.033799	230.52	231.60	226.98	231.48	31935467
2015-08-03	0.012365	233.37	236.38	232.65	233.33	25237652
2015-07-31	0.001685	233.76	236.21	228.22	232.92	64780732
2015-07-30	0.000854	233.96	235.26	231.80	235.92	15203205
2015-07-29	-0.019480	229.40	231.14	229.21	230.21	86682673
2015-07-28	-0.015851	225.77	229.86	225.23	225.93	80976817
2015-07-27	-0.007340	224.11	224.81	223.49	222.89	59150055
2015-07-24	-0.016053	220.51	221.87	219.42	222.27	54749348
2015-07-23	0.019620	224.84	225.81	221.87	224.82	6446584
2015-07-22	0.006277	226.25	226.27	224.96	227.72	35842893
2015-07-21	0.000458	226.35	229.60	225.50	226.31	84902475
2015-07-20	-0.007381	224.68	224.91	224.16	222.56	22862350
2015-07-17	-0.010777	222.26	222.59	221.25	219.40	61380230
2015-07-16	-0.016193	218.66	219.11	218.54	219.60	65133305
2015-07-15	-0.016449	215.06	217.72	213.14	214.38	85996838
2015-07-14	0.044065	224.54	224.70	223.01	225.46	41179750
2015-07-13	-0.002665	223.94	225.33	220.62	223.92	55553284
2015-07-10	0.002022	224.40	224.60	223.92	224.37	48750711
2015-07-09	0.008741	226.36	229.36	222.56	226.54	53441937
2015-07-08	0.007846	228.13	228.62	225.43	226.17	3690399
2015-07-07	0.020038	232.70	233.16	230.67	233.23	74283988
2015-07-06	-0.021917	227.60	228.97	225.68	227.92	84271735
2015-07-03	0.007761	229.37	229.44	227.12	231.17	28793384
2015-07-02	0.006496	230.86	231.98	227.54	230.67	64087994
2015-07-01	-0.023467	225.44	227.23	223.23	224.96	64340715
2015-06-30	-0.010553	223.06	225.24	219.87	223.51	24920002
2015-06-29	0.000525	223.18	228.41	220.89	223.84	90277795
2015-06-26	-0.036815	214.96	215.33	213.09	213.92	24658210
2015-06-25	0.007200	216.51	217.48	216.42	215.71	42529777
2015-06-24	-0.024784	211.15	211.37	208.53	210.85	37798217
2015-06-23	-0.008107	209.43	209.96	207.52	210.62	49558263
2015-06-22	0.002184	209.89	209.93	209.61	210.38	25670902
2015-06-19	0.034900	217.22	217.71	215.80	218.76	23223289
2015-06-18	-0.071756	201.63	203.65	199.21	200.96	91996312
2015-06-17	0.017614	205.18	206.02	201.97	206.40	8285617
2015-06-16	-0.009829	203.17	206.82	202.70	203.16	17813073
2015-06-15	0.037947	210.87	213.86	208.35	210.17	40665864
2015-06-12	0.001502	211.19	212.78	208.97	210.88	73134467
2015-06-11	-0.028810	205.11	207.97	201.52	205.30	76077436
2015-06-10	-0.018403	201.33	202.49	197.25	201.19	66617042
2015-06-09	0.003829	202.10	203.31	201.36	203.10	90261040
2015-06-08	-0.035830	194.86	195.95	194.03	193.29	48278464
2015-06-05	-0.001572	194.56	194.84	193.38	195.57	21804372
2015-06-04	-0.008035	192.99	194.13	192.11	190.88	18110420
2015-06-03	-0.003148	192.38	193.85	190.24	192.60	38278348
2015-06-02	0.028290	197.83	200.00	195.30	198.02	22221083
2015-06-01	-0.028630	192.16	192.96	190.09	191.40	91788378
2015-05-29	0.017070	195.44	197.27	195.03	195.88	42215556
2015-05-28	0.006568	196.73	197.59	195.79	196.91	58059122
2015-05-27	-0.000931	196.54	196.88	196.40	196.83	34447476
2015-05-26	0.019978	200.47	202.11	199.90	198.73	8676666
2015-05-25	0.023748	205.23	206.87	204.45	206.04	89349672
2015-05-22	-0.007261	203.74	205.40	202.99	203.81	69396769
2015-05-21	0.023015	208.43	209.50	203.26	208.36	83751899
2015-05-20	0.024796	213.60	214.88	210.86	210.99	50735980
2015-05-19	0.022245	218.35	218.66	215.12	217.80	86207292
2015-05-18	-0.006323	216.97	218.03	214.80	215.67	99584544
2015-05-15	-0.008978	215.02	217.42	213.28	214.67	94948709
2015-05-14	-0.004376	214.08	214.19	212.86	213.19	57384814
2015-05-13	0.021596	218.70	223.48	215.68	219.35	52770066
2015-05-12	-0.021695	213.96	214.94	212.59	214.47	95011811
2015-05-11	0.018048	217.82	218.57	217.80	218.12	10940548
2015-05-08	0.025430	223.36	224.56	222.04	225.70	50299375
2015-05-07	-0.009256	221.29	222.73	220.67	221.45	82175492
2015-05-06	0.021795	226.12	226.88	222.10	226.37	5816582
2015-05-05	0.045908	236.50	238.13	236.14	239.09	27316865
2015-05-04	0.009150	238.66	239.91	237.94	240.95	11622404
2015-05-01	-0.020220	233.83	236.32	232.26	232.75	6924981
2015-04-30	-0.012430	230.93	232.41	229.37	231.24	67764261
2015-04-29	0.007584	232.68	234.88	231.62	231.90	9334385
2015-04-28	-0.014609	229.28	229.80	226.66	230.81	93229572
2015-04-27	-0.004117	228.34	228.74	227.47	229.09	99510313
2015-04-24	0.013863	231.50	235.19	228.71	232.30	31026859
2015-04-23	0.021911	236.57	236.89	236.27	235.84	83060426
2015-04-22	-0.030312	229.40	229.54	226.96	228.20	68117720
2015-04-21	-0.018453	225.17	227.15	224.27	225.63	16562622
2015-04-20	0.000827	225.36	226.64	224.56	224.09	42194382
2015-04-17	0.016926	229.17	235.79	229.08	229.99	26232967
2015-04-16	0.018396	233.39	236.34	231.66	232.04	26826107
2015-04-15	0.000152	233.42	234.07	231.44	232.84	40576706
2015-04-14	-0.013204	230.34	233.36	228.23	230.77	2209027
2015-04-13	-0.003661	229.50	233.09	228.38	228.60	50722824
2015-04-10	0.023759	234.95	236.95	232.79	234.64	24901322
2015-04-09	-0.018877	230.51	231.76	229.65	230.27	16407598
2015-04-08	0.003105	231.23	233.38	226.69	230.19	84953946
2015-04-07	0.004906	232.36	232.54	229.05	231.43	56237809
2015-04-06	-0.015401	228.78	233.94	225.81	228.97	10287909
2015-04-03	0.052893	240.89	243.52	238.44	238.91	87048677
2015-04-02	-0.056882	227.18	231.42	223.93	228.13	55281343
2015-04-01	0.005098	228.34	230.19	224.44	228.47	60427432
2015-03-31	-0.011128	225.80	228.92	224.59	227.01	82952309
2015-03-30	0.004385	226.79	229.29	225.12	226.37	44878940
2015-03-27	0.003326	227.55	228.31	226.27	228.13	55551695
2015-03-26	-0.001192	227.27	227.63	224.72	226.37	1731208
2015-03-25	0.006195	228.68	228.79	227.87	227.82	84614904
2015-03-24	0.012370	231.51	236.82	229.09	233.68	93169134
2015-03-23	0.018975	235.90	240.47	233.17	237.82	97937022
2015-03-20	-0.025531	229.88	232.88	228.32	231.44	97367010
2015-03-19	-0.030667	222.83	223.57	221.32	223.73	33721855
2015-03-18	0.006621	224.31	226.20	221.74	223.53	43991600
2015-03-17	-0.002161	223.82	226.01	223.43	223.63	81311238
2015-03-16	0.014648	227.10	231.63	225.71	226.42	68390592
2015-03-13	0.046077	237.56	241.37	233.56	236.12	58378580
2015-03-12	-0.028111	230.89	231.16	228.69	231.38	37528833
2015-03-11	0.006439	232.37	232.64	232.03	235.36	68917504
2015-03-10	-0.008743	230.34	230.39	229.74	229.99	29159003
2015-03-09	0.011759	233.05	237.83	231.72	233.50	33133915
2015-03-06	0.014510	236.43	236.65	234.73	236.82	35844892
2015-03-05	-0.006198	234.97	239.13	234.12	235.75	12631152
2015-03-04	-0.004309	233.95	234.03	232.64	234.55	23119189
2015-03-03	-0.004817	232.83	234.48	232.43	232.47	51826324
2015-03-02	-0.004934	231.68	233.19	229.38	231.94	2617232
2015-02-27	-0.042772	221.77	225.27	219.18	222.77	60233794
2015-02-26	0.001546	222.11	223.09	218.49	221.46	35170765
2015-02-25	-0.019349	217.81	219.97	212.24	219.78	90573571
2015-02-24	-0.015792	214.37	217.31	211.16	214.07	29000802
2015-02-23	0.013602	217.29	218.51	216.97	217.85	11124036
2015-02-20	0.021486	221.96	222.26	218.56	220.07	26806921
2015-02-19	-0.025721	216.25	216.47	215.97	216.49	24828912
2015-02-18	-0.001537	215.92	219.41	214.19	216.81	91497395
2015-02-17	-0.014926	212.70	214.39	212.55	213.88	10744319
2015-02-16	0.019148	216.77	217.01	215.70	217.82	25160927
2015-02-13	-0.047546	206.46	208.13	204.44	206.62	63901395
2015-02-12	0.001096	206.69	208.09	203.89	206.79	13168169
2015-02-11	-0.002641	206.14	207.14	205.01	206.57	63906079
2015-02-10	0.023692	211.03	212.82	210.05	210.81	72673262
2015-02-09	-0.017474	207.34	208.03	201.44	207.69	36642116
2015-02-06	0.015784	210.61	210.92	207.11	211.55	49712932
2015-02-05	0.004208	211.50	214.27	209.27	210.96	5383700
2015-02-04	0.038309	219.60	220.68	219.29	219.18	37234423
2015-02-03	0.010456	221.90	223.07	221.73	222.61	3656114
2015-02-02	0.031952	228.99	229.92	228.68	229.82	97111619
2015-01-30	0.009916	231.26	231.73	229.76	230.70	41114655
2015-01-29	-0.009061	229.16	235.00	227.17	230.83	72825068
2015-01-28	-0.028608	222.60	225.81	221.93	223.15	24115776
2015-01-27	0.019732	227.00	229.02	225.74	227.57	10413050
2015-01-26	-0.014673	223.67	226.34	221.02	223.25	24629844
2015-01-23	0.031467	230.70	231.17	228.56	232.94	20972682
2015-01-22	-0.013543	227.58	230.09	225.10	225.36	99090729
2015-01-21	0.001722	227.97	229.84	227.41	227.81	66431043
2015-01-20	0.022321	233.06	236.60	231.88	232.01	66205512
2015-01-19	-0.001828	232.63	236.50	229.61	232.99	40470482
2015-01-16	-0.008820	230.58	232.52	229.70	231.54	11218869
2015-01-15	0.012147	233.38	233.44	230.20	233.58	47444698
2015-01-14	-0.002778	232.74	234.34	231.15	231.28	65843200
2015-01-13	-0.006504	231.22	234.72	228.63	230.57	6428001
2015-01-12	0.002148	231.72	233.04	229.40	231.21	34925646
2015-01-09	0.053168	244.04	245.18	242.22	244.62	54328089
2015-01-08	-0.023614	238.28	238.31	233.96	235.84	82755141
2015-01-07	0.009102	240.44	240.79	238.63	241.52	1252254
2015-01-06	0.001184	240.73	242.70	240.59	240.76	57993081
2015-01-05	-0.014536	237.23	238.92	235.69	237.80	4505076
2015-01-02	0.005070	238.43	240.48	238.02	237.64	81864174
2015-01-01	0.004353	239.47	240.69	237.34	240.17	75576316
2014-12-31	-0.013653	236.20	236.91	233.70	235.92	42933424
2014-12-30	0.004021	237.15	240.36	234.42	237.06	65638347
2014-12-29	-0.025548	231.09	234.98	229.27	231.91	43902817
2014-12-26	0.032284	238.55	239.28	235.99	237.24	52721343
2014-12-25	0.021896	243.78	248.33	241.07	244.35	69995474
2014-12-24	0.009790	246.16	246.76	243.64	246.26	16189709
2014-12-23	0.012626	249.27	250.25	243.26	247.34	59947139
2014-12-22	-0.000279	249.20	251.00	248.42	249.66	18666122
2014-12-19	0.006140	250.73	255.07	249.47	248.97	39227858
2014-12-18	0.006191	252.28	252.83	252.22	251.84	94302084
2014-12-17	-0.000093	252.26	252.50	251.91	251.64	42999055
2014-12-16	-0.019368	247.37	248.53	246.66	247.93	39292762
2014-12-15	-0.039909	237.50	238.49	237.01	236.93	36839589
2014-12-12	0.051601	249.76	250.36	248.12	250.31	91237983
2014-12-11	0.006141	251.29	253.80	247.77	251.67	88133574
2014-12-10	-0.003809	250.33	253.51	249.05	249.89	63671391
2014-12-09	0.009464	252.70	253.74	252.02	251.65	65141219
2014-12-08	-0.009767	250.23	250.29	249.46	249.33	63536769
2014-12-05	-0.001172	249.94	253.42	247.56	248.98	25063866
2014-12-04	0.001659	250.36	255.72	247.10	250.39	44050725
2014-12-03	-0.014829	246.64	248.95	246.01	249.66	10704571
2014-12-02	-0.021586	241.32	243.51	239.31	241.15	12425511
2014-12-01	0.034793	249.72	250.41	249.33	250.79	29424221
2014-11-28	0.016623	253.87	255.77	250.49	255.79	33563396
2014-11-27	0.000428	253.98	255.37	251.66	253.30	97128638
2014-11-26	0.010961	256.76	258.61	254.42	257.09	43912411
2014-11-25	0.012988	260.09	261.53	257.16	261.09	18255651
2014-11-24	0.022676	265.99	267.04	264.32	267.03	90273935
2014-11-21	0.007108	267.88	271.15	266.75	267.88	54328074
2014-11-20	-0.005818	266.32	267.10	265.79	263.98	50122602
2014-11-19	0.006890	268.16	272.49	265.72	266.49	30897708
2014-11-18	-0.015601	263.98	265.35	262.73	263.43	60516921
2014-11-17	-0.021541	258.29	259.35	255.52	259.12	34930639
2014-11-14	-0.002528	257.64	260.92	254.49	256.06	94569535
2014-11-13	-0.011578	254.65	255.66	252.80	256.02	77696960
2014-11-12	-0.029914	247.04	248.56	246.37	245.80	68599326
2014-11-11	0.003671	247.94	252.94	245.98	249.91	42844573
2014-11-10	0.036142	256.90	257.59	255.47	257.09	46387789
2014-11-07	-0.022858	251.03	253.26	250.57	250.34	48035345
2014-11-06	0.036315	260.15	260.16	258.87	261.80	13105404
2014-11-05	-0.004110	259.08	266.02	255.79	259.49	22762148
2014-11-04	-0.015834	254.98	258.43	253.21	255.69	7120145
2014-11-03	-0.018672	250.22	251.17	246.25	250.56	21759648
2014-10-31	-0.055307	236.38	237.38	236.34	235.61	1114976
2014-10-30	0.011962	239.20	244.11	235.06	239.76	7163809
2014-10-29	-0.032417	231.45	233.93	230.48	232.50	48707110
2014-10-28	-0.009692	229.21	235.32	227.76	228.26	71890770
2014-10-27	0.001713	229.60	231.90	229.04	229.33	5002598
2014-10-24	-0.010210	227.26	227.68	225.07	226.18	3521255
2014-10-23	-0.018621	223.02	223.05	221.18	223.67	53713079
2014-10-22	-0.034545	215.32	216.72	214.22	214.48	9057525
2014-10-21	-0.001936	214.90	217.35	212.95	214.50	8708611
2014-10-20	-0.028755	208.72	214.04	206.49	207.57	30251192
2014-10-17	-0.009202	206.80	207.92	202.75	206.55	58949146
2014-10-16	0.012396	209.37	212.11	207.36	209.99	30513477
2014-10-15	0.026428	214.90	215.44	214.55	213.99	89385776
2014-10-14	0.026605	220.62	221.58	220.19	218.65	49368498
2014-10-13	-0.018003	216.64	218.01	213.74	216.44	88138880
2014-10-10	0.026639	222.42	224.22	222.39	222.06	69288486
2014-10-09	0.011331	224.94	225.85	224.65	225.40	18138923
2014-10-08	-0.019259	220.60	220.79	220.05	220.46	33315326
2014-10-07	-0.027520	214.53	216.60	213.92	213.81	90962141
2014-10-06	-0.002187	214.06	216.39	213.59	214.08	10949563
2014-10-03	-0.001020	213.85	215.06	211.57	213.28	36252525
2014-10-02	0.012815	216.59	216.70	214.95	217.18	49021705
2014-10-01	-0.012962	213.78	215.10	207.93	214.93	99213114
2014-09-30	-0.030895	207.17	209.25	204.45	206.28	3640019
2014-09-29	-0.001428	206.88	206.90	206.18	208.18	36792642
2014-09-26	0.008795	208.70	211.25	205.30	209.30	14089791
2014-09-25	0.013974	211.61	213.66	210.14	211.17	55697298
2014-09-24	0.020579	215.97	217.84	213.16	213.38	35149626
2014-09-23	0.004733	216.99	217.13	216.64	217.90	59950688
2014-09-22	-0.007805	215.30	217.67	212.42	214.17	90129994
2014-09-19	-0.013094	212.48	214.32	211.43	210.09	80656798
2014-09-18	-0.013551	209.60	211.08	207.32	212.11	21551650
2014-09-17	0.012160	212.15	212.20	208.93	211.72	82134899
2014-09-16	-0.009532	210.12	211.29	208.03	211.03	62496324
2014-09-15	-0.014515	207.07	208.92	205.55	206.92	89736436
2014-09-12	0.010820	209.32	210.55	206.43	208.99	99871098
2014-09-11	0.000863	209.50	212.20	208.43	208.81	10474712
2014-09-10	-0.021591	204.97	205.31	203.53	205.18	89194257
2014-09-09	0.063486	217.99	220.98	215.51	218.34	12291779
2014-09-08	-0.011739	215.43	217.21	215.05	213.30	10172217
2014-09-05	-0.005515	214.24	215.08	213.62	215.76	52871632
2014-09-04	-0.008912	212.33	215.16	211.72	212.47	39543879
2014-09-03	0.011897	214.86	216.20	213.82	214.28	74180261
2014-09-02	-0.017348	211.13	212.30	209.90	210.06	35250721
2014-09-01	-0.016223	207.70	210.02	206.41	207.11	83369741
2014-08-29	-0.016061	204.37	205.53	204.17	205.18	40435493
2014-08-28	0.017688	207.98	209.93	207.31	207.26	91261910
2014-08-27	0.027731	213.75	216.34	212.78	212.99	64717765
2014-08-26	0.026150	219.34	220.83	218.58	221.24	55019062
2014-08-25	-0.006618	217.89	219.39	217.53	216.46	82672018
2014-08-22	-0.007097	216.34	218.90	213.81	217.15	47135607
2014-08-21	-0.000887	216.15	218.21	212.57	215.37	57646896
2014-08-20	0.023952	221.33	223.43	220.80	221.47	37522843
2014-08-19	0.004090	222.23	223.25	215.46	223.68	84444321
2014-08-18	0.020471	226.78	226.80	223.45	227.27	69469183
2014-08-15	0.000750	226.95	230.21	225.95	227.60	65412170
2014-08-14	-0.038145	218.29	218.48	215.95	218.04	45985803
2014-08-13	-0.006939	216.78	219.35	215.36	216.73	75324456
2014-08-12	0.012373	219.46	219.70	218.30	219.09	99578946
2014-08-11	0.052377	230.96	231.00	229.40	230.68	57518504
2014-08-08	0.014885	234.39	235.55	233.03	235.48	93608495
2014-08-07	0.006190	235.84	236.92	235.28	237.58	13294298
2014-08-06	0.036232	244.39	244.72	244.28	245.29	72647607
2014-08-05	-0.001751	243.96	245.98	242.13	242.35	75319956
2014-08-04	-0.011907	241.06	244.77	238.78	242.34	78089810
2014-08-01	-0.029986	233.83	235.97	233.66	232.91	99186340
2014-07-31	0.021572	238.87	241.73	238.87	236.04	19695569
2014-07-30	0.010624	241.41	242.94	240.09	239.90	40126231
2014-07-29	0.019464	246.11	251.71	245.24	244.25	34265789
2014-07-28	0.008979	248.32	249.51	246.87	248.95	30775254
2014-07-25	-0.002077	247.80	248.79	247.47	248.26	16376046
2014-07-24	-0.020808	242.65	243.40	241.33	244.38	99889604
2014-07-23	0.001230	242.95	243.60	238.22	243.12	53564015
2014-07-22	-0.019127	238.30	241.90	234.31	239.89	50001073
2014-07-21	0.016312	242.19	242.64	242.18	243.33	16730678
2014-07-18	-0.005666	240.81	241.78	239.91	239.82	92493674
2014-07-17	-0.041811	230.75	231.04	230.61	229.84	19672100
2014-07-16	-0.018572	226.46	226.65	226.33	226.25	12093357
2014-07-15	0.004290	227.43	230.56	226.74	229.66	91744992
2014-07-14	-0.010262	225.10	226.23	223.29	225.41	38400216
2014-07-11	-0.009436	222.97	225.46	220.86	223.12	1381078
2014-07-10	0.008236	224.81	226.93	222.09	226.34	74259237
2014-07-09	-0.000870	224.61	225.31	223.35	226.81	60990637
2014-07-08	-0.002248	224.11	226.14	222.13	224.51	28125588
2014-07-07	0.016858	227.89	228.47	226.87	226.46	88210345
2014-07-04	-0.011099	225.36	226.89	222.60	223.60	18982220
2014-07-03	-0.017299	221.46	223.08	217.04	220.62	84812352
2014-07-02	-0.012660	218.66	219.25	214.39	218.37	64435525
2014-07-01	-0.003909	217.80	219.85	215.12	219.44	45659004
2014-06-30	0.022837	222.78	225.03	221.96	221.46	83251375
2014-06-27	-0.008271	220.93	222.31	220.89	222.69	44778734
2014-06-26	-0.048038	210.32	211.18	209.43	210.37	54533962
2014-06-25	-0.017376	206.67	211.11	202.67	207.15	89179495
2014-06-24	0.018933	210.58	214.15	205.43	209.92	44031900
2014-06-23	0.022221	215.26	215.58	215.13	214.69	43965288
2014-06-20	-0.029532	208.90	209.11	206.24	210.14	22782284
2014-06-19	0.023605	213.83	215.78	209.77	214.15	24746922
2014-06-18	0.018710	217.83	220.12	215.11	217.06	85038059
2014-06-17	-0.004361	216.88	216.97	214.17	218.34	16641843
2014-06-16	0.010368	219.13	219.51	215.50	220.95	30066367
2014-06-13	0.034138	226.61	229.04	225.31	227.03	2128104
2014-06-12	-0.004949	225.49	225.95	223.17	225.14	18147424
2014-06-11	0.015546	229.00	231.92	224.64	229.95	44320671
2014-06-10	-0.026878	222.84	226.34	219.32	221.45	71021762
2014-06-09	-0.004325	221.88	223.65	219.65	223.56	9868761
2014-06-06	-0.003155	221.18	221.61	216.82	219.63	70051767
2014-06-05	-0.007115	219.60	221.84	212.40	218.85	96902439
2014-06-04	0.035588	227.42	228.67	222.93	227.12	64457165
2014-06-03	0.000936	227.63	228.41	227.17	227.69	51795845
2014-06-02	-0.058893	214.23	216.35	211.10	214.66	91538693
2014-05-30	0.008005	215.94	221.03	213.68	213.90	38138107
2014-05-29	0.004438	216.90	223.90	214.13	215.42	70391131
2014-05-28	0.011957	219.49	219.69	219.46	218.87	3797496
2014-05-27	0.004706	220.53	223.04	219.03	221.46	4609273
2014-05-26	0.009781	222.68	223.17	221.40	222.56	52210471
2014-05-23	-0.004252	221.74	221.99	220.63	220.89	4206043
2014-05-22	0.025409	227.37	230.56	226.58	227.13	63764215
2014-05-21	-0.026402	221.37	224.03	220.24	220.94	1826038
2014-05-20	-0.014450	218.17	219.09	214.75	218.36	35983303
2014-05-19	-0.019125	214.00	214.03	213.64	213.65	60422889
2014-05-16	-0.009563	211.95	212.69	211.73	212.24	61855578
2014-05-15	-0.007312	210.40	211.71	208.77	210.91	93667524
2014-05-14	-0.043414	201.27	201.72	199.43	201.61	64489408
2014-05-13	-0.016255	197.99	199.35	197.97	196.48	27465138
2014-05-12	0.015132	200.99	201.92	198.50	200.38	29484458
2014-05-09	0.019426	204.89	208.61	203.84	205.82	18001524
2014-05-08	-0.006189	203.63	204.30	201.34	204.12	80953556
2014-05-07	0.037174	211.20	214.26	207.41	210.76	74837620
2014-05-06	0.003657	211.97	212.48	210.47	210.48	69087158
2014-05-05	-0.032398	205.10	205.90	204.12	205.73	80769452
2014-05-02	-0.006544	203.76	203.96	203.31	204.52	52376220
2014-05-01	-0.009787	201.76	204.10	200.70	202.92	51370393
2014-04-30	-0.009726	199.80	202.48	199.24	200.31	3010041
2014-04-29	0.001018	200.01	201.11	196.61	200.87	74918250
2014-04-28	-0.055622	188.88	189.24	187.41	187.23	67083861
2014-04-25	0.001301	189.13	192.62	187.49	190.08	68980993
2014-04-24	-0.047526	180.14	180.86	179.95	181.18	49534890
2014-04-23	0.043422	187.96	188.85	187.75	188.57	32647265
2014-04-22	0.001560	188.25	189.81	187.27	189.77	69981615
2014-04-21	0.016148	191.29	191.76	190.09	192.42	59527531
2014-04-18	0.015729	194.30	195.14	191.09	193.76	46597013
2014-04-17	-0.025564	189.33	190.37	188.26	189.85	36729462
2014-04-16	0.010160	191.26	193.65	188.97	191.39	34727564
2014-04-15	0.050810	200.98	205.32	199.23	201.14	16395014
2014-04-14	0.023761	205.75	205.97	205.02	205.37	45826188
2014-04-11	-0.007257	204.26	205.43	202.96	205.31	85316508
2014-04-10	0.004861	205.25	205.73	205.05	207.12	86431118
2014-04-09	0.010515	207.41	208.29	204.93	206.04	24587275
2014-04-08	-0.031117	200.96	201.74	199.82	201.72	84837939
2014-04-07	0.031871	207.36	208.81	206.11	207.89	44884075
2014-04-04	-0.003419	206.65	208.66	206.31	207.15	26563193
2014-04-03	0.051873	217.37	218.85	214.50	217.62	85540934
2014-04-02	-0.014116	214.30	216.12	214.01	214.08	58172158
2014-04-01	0.004767	215.32	217.75	214.89	216.62	96023603
2014-03-31	-0.000662	215.18	215.57	213.18	212.33	49607184
2014-03-28	0.043503	224.54	224.73	223.52	225.17	74179369
2014-03-27	-0.009415	222.43	225.58	218.44	221.70	62699268
2014-03-26	0.002964	223.09	224.32	222.68	222.15	13984584
2014-03-25	-0.054109	211.02	213.88	210.99	209.50	83024688
2014-03-24	-0.022391	206.29	208.23	205.99	207.17	90173381
2014-03-21	0.026571	211.77	212.61	210.97	212.46	78828134
2014-03-20	-0.015726	208.44	211.99	205.32	207.90	83317406
2014-03-19	-0.018415	204.60	205.60	202.95	204.61	39670156
2014-03-18	-0.040802	196.26	197.88	190.21	195.78	11166807
2014-03-17	-0.028870	190.59	192.23	188.07	189.66	70536076
2014-03-14	0.010525	192.60	198.07	191.45	192.31	77095842
2014-03-13	-0.009384	190.79	191.86	185.96	189.40	56507696
2014-03-12	0.008207	192.35	196.10	192.09	191.53	58643625
2014-03-11	0.007335	193.77	194.47	192.71	193.73	88962224
2014-03-10	-0.027701	188.40	190.34	187.47	186.37	71995126
2014-03-07	-0.004387	187.57	188.78	185.62	188.27	62905989
2014-03-06	-0.004180	186.79	188.01	186.29	187.48	66456828
2014-03-05	-0.000760	186.65	188.29	184.24	187.41	42404068
2014-03-04	0.026288	191.55	193.02	189.05	192.62	72351031
2014-03-03	-0.021249	187.48	188.09	187.18	186.43	75675644
2014-02-28	0.028843	192.89	195.87	191.60	194.03	32225396
2014-02-27	0.018000	196.36	196.45	192.24	196.07	90542975
2014-02-26	0.004292	197.20	198.43	195.70	197.59	36842952
2014-02-25	0.000617	197.33	197.82	196.06	197.27	48159164
2014-02-24	0.008508	199.00	200.10	196.69	198.70	47637390
2014-02-21	0.028543	204.68	208.33	203.46	203.14	71004953
2014-02-20	-0.020358	200.52	200.67	198.67	200.38	2560036
2014-02-19	0.004592	201.44	202.94	199.88	201.01	56753677
2014-02-18	-0.015644	198.29	202.32	196.95	197.98	64621240
2014-02-17	-0.015827	195.15	195.32	193.82	195.39	72142163
2014-02-14	-0.005244	194.13	197.13	192.46	192.71	74768127
2014-02-13	0.017308	197.49	198.48	196.13	197.02	71496069
2014-02-12	0.023645	202.16	202.45	201.12	201.82	56329096
2014-02-11	0.012800	204.74	206.56	203.54	205.74	54801264
2014-02-10	0.038998	212.73	215.72	211.89	213.26	18322915
2014-02-07	0.003235	213.42	214.30	212.87	212.69	3355471
2014-02-06	0.000044	213.42	218.04	212.69	210.80	73924872
2014-02-05	-0.017765	209.63	210.30	206.66	209.23	63700878
2014-02-04	-0.009042	207.74	211.15	206.01	208.29	41639719
2014-02-03	-0.014725	204.68	206.14	201.78	204.55	48264876
2014-01-31	0.025199	209.84	212.08	207.67	211.08	2377038
2014-01-30	-0.000875	209.65	211.62	208.26	209.68	15087618
2014-01-29	0.002189	210.11	213.26	206.96	210.08	90476460
2014-01-28	-0.027066	204.43	205.99	202.87	204.11	39590923
2014-01-27	0.003473	205.14	205.85	204.41	205.39	2273786
2014-01-24	-0.016937	201.66	202.19	200.25	202.73	20700683
2014-01-23	0.005354	202.74	202.89	197.90	202.32	40365394
2014-01-22	-0.006361	201.45	203.31	196.90	203.91	22330648
2014-01-21	-0.025613	196.29	198.96	195.48	196.50	47210849
2014-01-20	0.043790	204.89	205.21	199.40	204.51	40652849
2014-01-17	-0.010665	202.70	203.37	198.89	201.75	69491076
2014-01-16	-0.027207	197.19	197.44	196.80	197.20	83279677
2014-01-15	0.008809	198.92	199.91	198.34	197.88	56764713
2014-01-14	0.005652	200.05	202.94	197.28	199.30	4720177
2014-01-13	0.008788	201.81	202.52	200.46	202.09	47035008
2014-01-10	0.020887	206.02	206.57	205.19	207.39	3544808
2014-01-09	0.033008	212.82	213.09	210.24	213.90	59448772
2014-01-08	0.039340	221.19	222.04	219.75	220.72	8898983
2014-01-07	-0.002246	220.70	220.81	220.20	221.20	22762413
2014-01-06	-0.026904	214.76	215.47	212.69	214.90	93006278
2014-01-03	0.014349	217.84	218.81	213.85	218.67	24674827
2014-01-02	0.003501	218.60	223.79	216.14	218.21	31116626
