2016-01-01	-0.030410	153.73	154.73	151.15	154.77	66975566
2015-12-31	-0.014076	151.57	151.80	150.87	150.31	76390009
2015-12-30	0.044357	158.29	158.43	156.89	158.12	32466378
2015-12-29	0.017172	161.01	161.74	159.42	160.16	63841741
2015-12-28	0.034702	166.60	166.98	163.53	166.69	21941640
2015-12-25	-0.024037	162.59	164.94	160.19	163.17	84944512
2015-12-24	-0.006183	161.59	163.48	160.73	163.16	3846071
2015-12-23	0.011195	163.40	164.00	161.59	163.06	60581255
2015-12-22	0.025317	167.53	169.85	165.88	168.56	21054879
2015-12-21	0.021484	171.13	173.62	170.76	170.09	66369520
2015-12-18	-0.027293	166.46	166.78	164.67	165.14	21664874
2015-12-17	-0.001125	166.27	166.57	166.01	164.34	87688598
2015-12-16	0.002579	166.70	166.90	165.34	167.07	84359887
2015-12-15	-0.036297	160.65	161.98	158.23	158.92	2892281
2015-12-14	0.010468	162.33	164.86	161.76	161.49	42631432
2015-12-11	0.020905	165.73	167.04	163.96	167.57	95460569
2015-12-10	0.016047	168.39	172.16	167.69	168.66	91044687
2015-12-09	0.029896	173.42	173.74	172.26	173.88	79398944
2015-12-08	0.000338	173.48	174.18	171.34	173.82	17947309
2015-12-07	0.014281	175.96	177.18	175.31	175.80	12946176
2015-12-04	-0.018443	172.71	173.42	170.64	172.07	63896976
2015-12-03	-0.005722	171.72	173.70	169.28	172.72	96197552
2015-12-02	0.010804	173.58	174.12	171.95	172.77	1326052
2015-12-01	-0.003388	172.99	173.58	172.47	171.75	33546886
2015-11-30	0.004966	173.85	174.25	172.20	174.61	17067916
2015-11-27	-0.050965	164.99	165.64	164.49	164.91	81333017
2015-11-26	0.005121	165.83	167.77	160.83	166.25	81152166
2015-11-25	-0.009038	164.34	166.33	164.29	163.60	16821482
2015-11-24	0.052000	172.88	175.04	171.02	173.01	12334563
2015-11-23	0.013375	175.19	176.27	173.19	175.84	99216337
2015-11-20	-0.010415	173.37	173.77	172.92	173.15	58164658
2015-11-19	0.030594	178.67	179.77	178.35	177.91	13916784
2015-11-18	0.024467	183.04	184.36	182.48	183.41	38452158
2015-11-17	-0.013702	180.54	181.97	179.64	180.06	94349526
2015-11-16	-0.003286	179.94	181.39	178.25	180.32	90014653
2015-11-13	-0.013849	177.45	179.77	176.66	177.41	90414910
2015-11-12	-0.025200	172.98	173.95	170.97	172.46	5043689
2015-11-11	0.000821	173.12	173.91	169.47	172.49	88941847
2015-11-10	0.012926	175.36	176.63	174.91	176.15	89214796
2015-11-09	-0.034781	169.26	169.48	167.04	170.48	44969109
2015-11-06	-0.025401	164.96	166.58	160.97	164.14	77453887
2015-11-05	0.009840	166.58	168.30	165.88	166.27	26007980
2015-11-04	-0.028800	161.79	163.53	159.78	160.45	88701252
2015-11-03	-0.037136	155.78	156.59	154.94	155.40	93863534
2015-11-02	0.009054	157.19	157.82	156.05	155.93	70946948
2015-10-30	-0.003265	156.68	156.76	153.55	156.59	19266704
2015-10-29	0.015186	159.05	159.22	159.04	158.74	30556733
2015-10-28	0.012689	161.07	161.51	160.98	161.27	35516925
2015-10-27	-0.009632	159.52	160.85	159.41	159.31	56636370
2015-10-26	0.005132	160.34	161.40	160.06	161.18	74224035
2015-10-23	-0.022123	156.79	161.15	154.16	157.31	73111616
2015-10-22	-0.002169	156.45	157.21	154.77	158.02	80887674
2015-10-21	-0.006368	155.46	156.41	155.40	155.33	56909318
2015-10-20	0.002583	155.86	156.07	154.96	156.83	80018300
2015-10-19	0.000604	155.95	156.04	155.81	155.55	1697909
2015-10-16	-0.012820	153.95	159.00	152.38	154.07	35010661
2015-10-15	-0.033634	148.77	148.96	148.61	148.96	7699607
2015-10-14	0.018682	151.55	152.17	151.34	151.22	94733390
2015-10-13	-0.012174	149.71	152.43	149.43	150.19	14214566
2015-10-12	0.020732	152.81	154.12	151.99	152.28	11935606
2015-10-09	-0.010233	151.25	152.75	150.13	150.99	64932215
2015-10-08	-0.003160	150.77	151.19	150.47	150.53	31480850
2015-10-07	0.007534	151.91	153.98	150.44	152.26	25058700
2015-10-06	-0.007108	150.83	151.64	149.70	150.80	40587734
2015-10-05	-0.016567	148.33	149.48	146.91	147.49	96584182
2015-10-02	0.034418	153.43	154.36	151.24	153.55	3683904
2015-10-01	-0.027898	149.15	151.05	147.99	149.62	35608062
2015-09-30	-0.008544	147.88	148.88	147.62	150.02	12202791
2015-09-29	-0.015728	145.55	145.90	145.32	144.92	20029678
2015-09-28	0.020367	148.52	148.55	148.39	147.78	67773777
2015-09-25	0.014257	150.63	151.48	147.50	151.10	61664248
2015-09-24	0.060082	159.68	160.00	159.39	160.16	90889227
2015-09-23	-0.028042	155.21	157.36	154.17	154.48	60628269
2015-09-22	-0.022409	151.73	153.97	150.72	151.82	72828653
2015-09-21	0.013183	153.73	154.37	151.01	153.76	93199935
2015-09-18	-0.023667	150.09	150.60	146.93	150.27	96314881
2015-09-17	-0.000335	150.04	152.83	149.58	150.09	7340038
2015-09-16	0.007141	151.11	152.09	150.14	149.74	54638355
2015-09-15	-0.011824	149.33	149.87	147.44	148.77	5108690
2015-09-14	-0.007990	148.13	149.55	146.32	148.03	87851027
2015-09-11	0.003144	148.60	148.68	145.64	147.86	3639361
2015-09-10	0.024393	152.22	152.88	151.72	152.48	94974135
2015-09-09	-0.021220	148.99	149.45	148.28	148.53	46379148
2015-09-08	0.039252	154.84	156.18	152.35	156.48	90320567
2015-09-07	-0.005334	154.01	154.79	152.40	154.02	35231022
2015-09-04	0.002921	154.46	154.82	154.10	154.59	70690893
2015-09-03	0.040596	160.74	161.07	159.05	161.60	86366545
2015-09-02	0.025689	164.86	166.42	164.70	164.88	9131972
2015-09-01	0.022736	168.61	172.54	166.79	167.68	35428575
2015-08-31	-0.038812	162.07	162.36	160.96	163.13	61577835
2015-08-28	-0.002773	161.62	163.06	161.28	159.80	96771367
2015-08-27	0.001376	161.84	162.05	160.39	161.32	80508576
2015-08-26	-0.007535	160.62	160.65	160.22	160.80	95448051
2015-08-25	-0.008773	159.21	161.47	158.41	159.19	14734986
2015-08-24	0.056254	168.17	168.55	166.85	166.73	13762660
2015-08-21	-0.022334	164.41	165.13	163.14	164.76	72337870
2015-08-20	-0.018822	161.32	161.33	160.90	160.11	15427516
2015-08-19	-0.022680	157.66	159.28	156.71	156.94	28971244
2015-08-18	-0.012360	155.71	158.27	155.58	155.28	60722883
2015-08-17	-0.015343	153.32	155.11	152.97	152.94	27764845
2015-08-14	0.001993	153.63	153.75	150.90	154.20	72774195
2015-08-13	-0.001445	153.41	153.42	149.64	153.83	72114116
2015-08-12	0.018493	156.24	157.63	155.32	156.08	69771909
2015-08-11	-0.006835	155.18	159.50	154.65	155.95	40613439
2015-08-10	-0.016233	152.66	154.73	150.60	154.12	19605231
2015-08-07	0.026950	156.77	158.02	156.36	156.36	74407645
2015-08-06	-0.011836	154.91	158.22	151.38	154.59	64121724
2015-08-05	-0.015787	152.47	154.45	150.74	152.79	80034591
2015-08-04	0.030763	157.16	158.52	156.76	158.63	78973581
2015-08-03	0.003762	157.75	158.30	157.24	157.80	57932677
2015-07-31	-0.037536	151.83	152.20	151.45	151.15	52645999
2015-07-30	0.022762	155.29	158.49	152.91	154.83	99984093
2015-07-29	-0.004937	154.52	155.50	153.60	154.82	76968852
2015-07-28	0.008025	155.76	158.07	154.68	156.44	82132121
2015-07-27	-0.022229	152.30	153.31	151.61	153.06	40166723
2015-07-24	0.008341	153.57	156.39	153.03	152.57	90519492
2015-07-23	0.026339	157.61	157.65	156.95	157.86	68870897
2015-07-22	-0.024137	153.81	154.70	152.99	153.50	52583542
2015-07-21	-0.009979	152.27	154.71	152.12	152.04	90580072
2015-07-20	0.018029	155.02	155.96	154.93	154.68	8752127
2015-07-17	0.008843	156.39	157.20	155.13	157.60	21846600
2015-07-16	0.015406	158.80	162.52	157.09	158.98	36893837
2015-07-15	-0.024435	154.92	156.61	151.36	154.96	75416100
2015-07-14	0.023028	158.48	160.17	157.24	158.08	60353151
2015-07-13	0.017953	161.33	163.17	160.39	161.65	16608341
2015-07-10	-0.004432	160.61	161.09	159.97	160.89	98555686
2015-07-09	0.032714	165.87	167.13	164.98	165.15	37156623
2015-07-08	0.032999	171.34	175.19	170.95	169.38	7305809
2015-07-07	-0.030023	166.20	167.64	162.70	165.34	26320548
2015-07-06	-0.002938	165.71	166.91	163.00	166.84	59147702
2015-07-03	0.029760	170.64	171.78	169.83	171.14	59333653
2015-07-02	0.020799	174.19	174.88	169.57	175.17	87944737
2015-07-01	-0.011464	172.19	172.52	171.98	172.33	90469640
2015-06-30	-0.002318	171.79	173.21	169.40	172.66	79204547
2015-06-29	0.024470	176.00	177.38	174.70	176.82	8482158
2015-06-26	-0.001696	175.70	177.10	174.54	174.76	32152570
2015-06-25	-0.008430	174.22	174.37	173.94	175.19	25716063
2015-06-24	-0.003121	173.68	174.12	173.63	173.27	93193014
2015-06-23	-0.013539	171.32	173.29	171.06	171.71	97091480
2015-06-22	-0.010234	169.57	172.72	168.76	170.65	44002413
2015-06-19	-0.003899	168.91	169.83	168.61	170.31	55451450
2015-06-18	-0.004910	168.08	169.15	165.84	167.95	29029158
2015-06-17	-0.000846	167.94	169.25	166.45	167.14	27523328
2015-06-16	-0.021198	164.38	165.10	163.33	164.02	41337950
2015-06-15	-0.013395	162.18	162.68	162.04	160.89	8695447
2015-06-12	-0.017188	159.39	159.77	159.32	160.11	47589947
2015-06-11	-0.016882	156.70	158.14	154.24	156.86	83083866
2015-06-10	0.006494	157.72	158.77	156.69	156.63	3598182
2015-06-09	0.008627	159.08	160.87	159.05	159.66	84614194
2015-06-08	0.013243	161.18	161.21	159.30	161.40	64787056
2015-06-05	-0.001512	160.94	161.18	159.59	161.94	60958284
2015-06-04	-0.008956	159.50	161.72	158.17	159.21	72687083
2015-06-03	0.015175	161.92	163.11	158.35	161.18	17200998
2015-06-02	0.026795	166.26	167.38	165.25	166.93	34368152
2015-06-01	-0.029023	161.43	163.60	159.83	161.23	3314764
2015-05-29	-0.019225	158.33	158.88	157.63	158.34	28718138
2015-05-28	0.006596	159.37	162.12	159.13	159.48	16373561
2015-05-27	0.005739	160.29	162.30	160.11	159.48	13104833
2015-05-26	-0.011927	158.38	160.08	156.69	158.87	36724479
2015-05-25	0.004017	159.01	159.08	154.94	159.23	70481491
2015-05-22	-0.017403	156.24	156.83	155.76	155.96	48970456
2015-05-21	-0.013532	154.13	155.12	152.41	154.80	49625700
2015-05-20	-0.015424	151.75	151.98	151.72	151.54	71541235
2015-05-19	-0.003679	151.19	151.78	148.88	151.46	74133063
2015-05-18	0.001302	151.39	153.34	151.26	151.74	87287022
2015-05-15	-0.009289	149.99	152.07	149.52	149.48	99852407
2015-05-14	0.056393	158.44	158.59	156.63	158.71	67285746
2015-05-13	0.024093	162.26	162.88	161.07	163.40	48800890
2015-05-12	0.012701	164.32	166.86	162.82	164.38	44542257
2015-05-11	0.024188	168.30	169.33	166.88	167.07	52825549
2015-05-08	0.020277	171.71	172.36	171.10	171.69	3137834
2015-05-07	0.014674	174.23	176.14	172.71	174.77	86752620
2015-05-06	0.009815	175.94	178.42	175.87	176.04	40199969
2015-05-05	0.019593	179.38	182.09	177.17	179.07	58021626
2015-05-04	-0.018867	176.00	176.77	173.67	176.49	35271626
2015-05-01	-0.023361	171.89	174.13	168.87	172.33	76284504
2015-04-30	0.004174	172.61	172.92	169.69	172.97	30480467
2015-04-29	-0.002580	172.16	174.93	169.26	171.22	87764920
2015-04-28	-0.005707	171.18	173.32	170.43	170.76	47377280
2015-04-27	-0.007479	169.90	172.17	167.87	170.25	49528332
2015-04-24	0.021460	173.54	175.43	173.33	173.96	15847565
2015-04-23	-0.017045	170.59	171.69	169.49	171.10	84091237
2015-04-22	0.041314	177.63	179.68	175.71	177.49	43966936
2015-04-21	-0.008908	176.05	178.11	172.09	175.48	32809492
2015-04-20	0.018437	179.30	181.81	178.44	178.67	90562745
2015-04-17	-0.016179	176.40	179.39	174.53	176.64	29640650
2015-04-16	0.029761	181.65	185.38	179.63	179.71	4176920
2015-04-15	0.020969	185.46	187.84	184.30	184.43	57891391
2015-04-14	0.020144	189.19	190.24	186.62	189.15	4687385
2015-04-13	0.015611	192.14	193.07	189.83	193.45	70011064
2015-04-10	-0.010392	190.15	190.28	189.96	189.57	14591700
2015-04-09	-0.035008	183.49	184.39	183.42	183.90	58231396
2015-04-08	0.008651	185.08	186.83	181.33	184.95	89651486
2015-04-07	-0.023524	180.72	180.79	180.45	181.33	85172754
2015-04-06	0.022795	184.84	187.76	184.65	184.51	82600916
2015-04-03	0.006886	186.12	188.99	186.05	184.25	79835719
2015-04-02	-0.012093	183.87	184.63	181.53	182.87	52949979
2015-04-01	-0.019713	180.24	181.01	178.87	181.99	47646181
2015-03-31	0.018302	183.54	186.84	182.85	182.76	85621691
2015-03-30	0.013732	186.06	186.17	183.94	185.61	6368059
2015-03-27	-0.012203	183.79	185.98	181.86	183.80	54541252
2015-03-26	0.023471	188.10	188.67	187.46	188.29	10016843
2015-03-25	-0.014160	185.44	187.79	184.53	186.30	76076421
2015-03-24	-0.012709	183.08	185.52	182.75	182.18	5487821
2015-03-23	-0.000199	183.05	183.28	182.73	183.38	66550466
2015-03-20	0.021979	187.07	187.79	184.09	189.60	66258976
2015-03-19	0.023157	191.40	191.93	189.71	193.24	28558163
2015-03-18	-0.016891	188.17	189.08	184.61	187.81	25524561
2015-03-17	-0.001770	187.84	188.95	186.83	189.35	18002327
2015-03-16	-0.035925	181.09	182.63	177.58	180.20	91038612
2015-03-13	-0.020730	177.33	178.11	174.29	177.10	61417605
2015-03-12	0.034898	183.52	183.92	181.85	183.93	38400358
2015-03-11	0.008638	185.11	185.73	184.39	186.12	80612583
2015-03-10	-0.001521	184.83	185.21	181.79	186.75	92418806
2015-03-09	0.045808	193.29	193.62	191.52	192.66	94572286
2015-03-06	-0.003976	192.52	195.96	191.67	194.43	97101110
2015-03-05	0.032606	198.80	201.49	196.03	198.89	40296460
2015-03-04	0.013575	201.50	201.91	197.81	201.21	75189717
2015-03-03	-0.020274	197.42	199.49	195.64	200.43	26891403
2015-03-02	-0.007072	196.02	196.78	193.35	195.39	33934077
2015-02-27	0.024093	200.74	200.88	199.42	201.60	10388008
2015-02-26	0.026327	206.03	212.13	204.85	206.40	36220485
2015-02-25	-0.011701	203.62	205.02	202.38	204.92	1202301
2015-02-24	0.002237	204.07	204.96	200.97	204.46	39041507
2015-02-23	-0.016106	200.79	202.19	199.25	199.91	25841577
2015-02-20	0.009075	202.61	203.94	201.10	201.51	85447562
2015-02-19	0.027700	208.22	208.64	208.16	206.91	14568651
2015-02-18	0.002268	208.69	210.02	205.98	207.96	89531197
2015-02-17	-0.000603	208.57	209.50	208.42	208.73	36631137
2015-02-16	0.028067	214.42	215.13	212.76	213.19	87096496
2015-02-13	0.015800	217.81	219.47	213.49	216.16	98581216
2015-02-12	0.006725	219.27	220.16	219.22	219.60	24932582
2015-02-11	0.024578	224.66	225.27	222.54	224.86	64109744
2015-02-10	0.034177	232.34	236.80	228.47	233.41	7529504
2015-02-09	-0.044006	222.12	222.16	220.40	220.22	22478135
2015-02-06	-0.000614	221.98	224.43	220.46	222.21	20242543
2015-02-05	-0.000487	221.87	223.82	221.87	222.31	2998258
2015-02-04	0.005557	223.10	223.97	221.06	223.76	92289261
2015-02-03	-0.002945	222.45	226.18	220.52	222.04	63682578
2015-02-02	-0.007250	220.83	223.99	219.89	222.18	98573800
2015-01-30	-0.006945	219.30	222.00	218.81	219.13	90101526
2015-01-29	0.017079	223.05	224.48	220.90	224.49	2784272
2015-01-28	0.002287	223.56	225.96	222.50	224.00	21202774
2015-01-27	0.010756	225.96	226.06	223.33	225.82	74235084
2015-01-26	-0.002111	225.48	226.89	224.98	225.55	26174113
2015-01-23	0.015508	228.98	232.16	224.26	230.17	13955918
2015-01-22	-0.030868	221.91	222.71	220.62	223.12	93535546
2015-01-21	-0.010505	219.58	223.93	217.48	217.48	92622102
2015-01-20	-0.006032	218.26	218.41	217.53	218.63	95591033
2015-01-19	-0.014946	214.99	215.93	212.62	215.94	54038575
2015-01-16	0.032651	222.01	225.35	221.84	221.32	64150103
2015-01-15	-0.011503	219.46	224.83	219.30	218.36	47906488
2015-01-14	0.031271	226.32	226.71	222.70	226.36	43740118
2015-01-13	0.013187	229.31	232.33	226.60	230.18	72837725
2015-01-12	0.012447	232.16	232.21	231.24	233.40	57621916
2015-01-09	0.006713	233.72	240.84	233.02	233.59	84414159
2015-01-08	-0.014563	230.32	231.96	227.60	230.76	37273390
2015-01-07	0.017772	234.41	236.54	232.60	234.19	53076335
2015-01-06	-0.000026	234.40	235.53	231.97	233.69	86052223
2015-01-05	-0.038423	225.40	229.87	224.41	224.01	22970488
2015-01-02	-0.019350	221.04	221.57	218.89	219.64	86180480
2015-01-01	-0.002746	220.43	222.73	217.74	219.51	99605175
2014-12-31	-0.032529	213.26	216.93	213.20	214.27	31585941
2014-12-30	0.004212	214.16	215.14	212.14	214.33	20340763
2014-12-29	0.025682	219.66	220.27	217.10	219.20	69505478
2014-12-26	-0.015205	216.32	217.03	215.74	214.90	77960333
2014-12-25	-0.027163	210.44	211.59	207.71	210.64	87154306
2014-12-24	-0.019255	206.39	206.51	206.11	205.63	68784591
2014-12-23	-0.011203	204.08	205.54	198.79	205.16	67369601
2014-12-22	-0.012536	201.52	201.65	198.81	201.06	25690451
2014-12-19	0.004306	202.39	203.13	202.11	202.55	55365796
2014-12-18	-0.020719	198.19	199.34	196.69	197.74	75043293
2014-12-17	0.018548	201.87	205.07	200.06	201.90	95409476
2014-12-16	0.032767	208.48	210.27	205.25	208.34	80476658
2014-12-15	-0.003851	207.68	209.24	206.45	206.90	35537288
2014-12-12	-0.004503	206.75	208.77	201.76	206.44	21700292
2014-12-11	-0.009568	204.77	208.31	204.14	204.80	84900664
2014-12-10	-0.016797	201.33	201.50	200.91	201.06	99678520
2014-12-09	-0.020547	197.19	198.09	196.32	198.05	80534773
2014-12-08	-0.004285	196.35	196.76	195.88	196.01	80234712
2014-12-05	0.014071	199.11	200.32	197.98	196.72	42090987
2014-12-04	-0.011644	196.79	199.00	194.95	195.76	90590670
2014-12-03	0.015274	199.80	201.38	198.38	199.06	85961296
2014-12-02	-0.016915	196.42	198.22	195.36	195.06	88631077
2014-12-01	0.010314	198.44	200.91	195.10	201.25	87215842
2014-11-28	0.007053	199.84	201.62	198.32	200.35	10735185
2014-11-27	-0.002003	199.44	200.13	199.03	197.19	93071233
2014-11-26	-0.020629	195.33	200.06	194.59	196.65	63627206
2014-11-25	0.017632	198.77	199.13	196.94	196.39	58091200
2014-11-24	0.006172	200.00	203.07	196.47	198.79	11485452
2014-11-21	-0.010715	197.86	201.10	195.49	196.73	43669440
2014-11-20	0.001838	198.22	198.31	197.53	199.01	96102347
2014-11-19	-0.017434	194.76	196.69	194.70	193.49	77896597
2014-11-18	0.009066	196.53	199.05	191.70	197.12	80497127
2014-11-17	-0.005015	195.54	195.88	193.93	194.10	87633138
2014-11-14	-0.038063	188.10	191.66	184.46	186.63	41180753
2014-11-13	0.035677	194.81	195.26	194.71	192.30	51174310
2014-11-12	0.007537	196.28	198.35	193.24	195.69	63846105
2014-11-11	0.004816	197.23	198.31	196.06	196.42	86730538
2014-11-10	-0.024169	192.46	193.95	191.77	191.64	43955285
2014-11-07	-0.023554	187.93	188.35	187.18	186.35	38830340
2014-11-06	0.006978	189.24	192.09	187.29	191.06	3237212
2014-11-05	0.019499	192.93	193.15	192.23	193.13	3583401
2014-11-04	-0.027889	187.55	189.76	186.93	188.05	14134659
2014-11-03	-0.002522	187.07	188.59	183.53	187.92	15588281
2014-10-31	-0.011969	184.83	185.81	184.14	183.31	82863985
2014-10-30	0.014637	187.54	189.63	186.54	187.98	49125172
2014-10-29	0.015249	190.40	194.73	190.09	192.37	27477516
2014-10-28	-0.013811	187.77	189.31	186.56	187.47	85421974
2014-10-27	0.032552	193.88	197.66	191.69	194.19	74633176
2014-10-24	0.027302	199.18	202.05	198.88	199.66	89863840
2014-10-23	-0.009336	197.32	197.58	196.52	196.67	42225937
2014-10-22	0.011896	199.66	199.77	199.63	200.12	62378431
2014-10-21	0.001714	200.01	202.34	197.91	200.25	36371874
2014-10-20	0.004161	200.84	201.43	199.87	204.19	41355958
2014-10-17	-0.016303	197.56	197.78	195.81	195.31	83841460
2014-10-16	0.000120	197.59	198.63	195.56	199.45	68780725
2014-10-15	0.007267	199.02	199.40	198.36	198.30	98463381
2014-10-14	0.004621	199.94	202.34	199.51	199.69	41937264
2014-10-13	0.017609	203.46	204.70	201.23	203.24	92948926
2014-10-10	0.013016	206.11	208.76	205.11	205.36	75969330
2014-10-09	-0.004360	205.21	209.45	204.90	205.14	33484574
2014-10-08	-0.013112	202.52	206.95	201.24	203.52	29872422
2014-10-07	-0.013275	199.83	199.86	198.51	201.56	53701594
2014-10-06	0.012629	202.36	203.82	200.88	201.71	28975747
2014-10-03	-0.014601	199.40	199.97	197.70	200.85	72179190
2014-10-02	0.007307	200.86	203.64	200.08	201.04	31193945
2014-10-01	-0.020357	196.77	197.31	194.64	198.02	42384159
2014-09-30	-0.006501	195.49	197.37	193.17	196.11	63680614
2014-09-29	0.012905	198.02	199.29	191.56	198.68	54698089
2014-09-26	-0.004154	197.19	201.02	196.01	198.80	28545659
2014-09-25	0.003175	197.82	200.84	197.15	198.67	52869372
2014-09-24	0.008033	199.41	200.05	198.70	199.60	67088842
2014-09-23	-0.002324	198.94	199.24	196.90	196.83	78757144
2014-09-22	-0.007390	197.47	199.36	194.39	198.62	8787403
2014-09-19	-0.010215	195.46	198.03	192.92	193.79	33446201
2014-09-18	-0.025859	190.40	192.66	188.59	190.05	10832156
2014-09-17	-0.006057	189.25	189.54	187.98	191.65	53027777
2014-09-16	0.018027	192.66	194.67	187.52	191.84	22013043
2014-09-15	-0.012893	190.18	190.63	188.67	189.08	23619826
2014-09-12	-0.028358	184.78	188.94	183.56	185.76	98401652
2014-09-11	-0.014749	182.06	182.09	181.22	182.65	8206090
2014-09-10	0.014575	184.71	187.28	182.96	184.31	73839914
2014-09-09	0.006129	185.84	186.46	184.85	184.81	6602020
2014-09-08	-0.019349	182.25	183.94	182.16	183.16	32994566
2014-09-05	-0.036169	175.66	178.44	174.68	175.38	94148305
2014-09-04	-0.026262	171.04	172.26	170.64	171.77	9400165
2014-09-03	0.005661	172.01	173.50	170.41	171.71	88067152
2014-09-02	-0.009634	170.35	171.53	170.22	171.38	30584859
2014-09-01	-0.016951	167.47	168.63	165.56	166.36	70900488
2014-08-29	-0.015173	164.93	165.44	164.67	165.26	21139389
2014-08-28	-0.012987	162.78	165.38	162.53	162.73	65178859
2014-08-27	0.018741	165.84	167.92	164.54	166.31	39560347
2014-08-26	-0.021563	162.26	162.74	161.79	162.35	96837517
2014-08-25	0.013344	164.42	167.01	162.69	165.22	54972516
2014-08-22	-0.007593	163.18	164.16	161.34	164.15	96472011
2014-08-21	0.014535	165.55	167.33	163.67	164.70	80817768
2014-08-20	0.033589	171.11	173.66	169.84	169.95	26539716
2014-08-19	-0.013850	168.74	171.83	167.14	168.19	68125201
2014-08-18	0.007234	169.96	171.94	167.55	169.09	21880785
2014-08-15	-0.001805	169.65	169.79	168.42	169.84	83893608
2014-08-14	0.003398	170.23	170.53	166.88	169.32	8223098
2014-08-13	0.011664	172.21	175.64	168.75	172.00	79757484
2014-08-12	-0.003259	171.65	173.06	168.88	169.93	88301531
2014-08-11	-0.008946	170.12	170.76	168.45	170.43	82530291
2014-08-08	0.036781	176.37	176.82	175.52	176.64	14890053
2014-08-07	0.003250	176.95	177.10	174.99	177.53	82311385
2014-08-06	-0.008536	175.44	176.65	175.41	175.49	84348635
2014-08-05	0.001158	175.64	175.97	174.91	176.33	24231109
2014-08-04	-0.013711	173.23	175.01	170.99	172.04	68965002
2014-08-01	-0.002246	172.84	172.92	172.71	173.16	17177804
2014-07-31	0.002987	173.36	173.58	172.69	170.99	50153240
2014-07-30	-0.008778	171.84	171.87	169.60	171.45	27146361
2014-07-29	-0.013234	169.56	171.92	169.28	169.06	86920478
2014-07-28	-0.015103	167.00	169.07	165.77	168.10	58379544
2014-07-25	0.006087	168.02	168.93	165.74	167.99	16646992
2014-07-24	0.013704	170.32	172.70	168.16	171.92	6616688
2014-07-23	-0.003909	169.66	170.24	167.79	169.00	52812695
2014-07-22	-0.002567	169.22	170.19	167.24	169.30	77713183
2014-07-21	-0.004288	168.49	172.00	168.18	169.84	30400423
2014-07-18	0.004644	169.28	171.19	167.82	169.61	58799054
2014-07-17	0.052654	178.19	179.30	175.92	178.38	26089104
2014-07-16	-0.009143	176.56	177.39	175.54	176.25	15106030
2014-07-15	-0.019950	173.04	174.86	167.53	171.78	62619332
2014-07-14	0.003317	173.61	173.79	171.17	174.71	78005603
2014-07-11	-0.024332	169.39	171.00	167.12	170.29	67008168
2014-07-10	-0.010037	167.69	168.74	166.27	167.02	27975778
2014-07-09	0.007797	169.00	171.09	168.18	170.16	49896249
2014-07-08	-0.043217	161.69	162.75	161.69	160.53	82850397
2014-07-07	-0.009635	160.13	161.23	158.58	159.20	75684453
2014-07-04	0.026756	164.42	165.17	162.54	166.19	18839628
2014-07-03	-0.005253	163.56	165.55	162.54	162.31	66307457
2014-07-02	-0.003796	162.93	163.62	162.47	162.45	61343285
2014-07-01	0.014993	165.38	168.16	164.78	166.49	7049517
2014-06-30	-0.006675	164.27	168.26	162.46	163.99	15887633
2014-06-27	0.026663	168.65	170.67	167.24	168.79	53976015
2014-06-26	-0.021051	165.10	167.61	163.54	165.07	78612557
2014-06-25	-0.010216	163.42	164.31	162.02	163.91	37926732
2014-06-24	-0.017521	160.55	161.16	156.25	160.60	79451051
2014-06-23	0.036390	166.40	169.29	166.12	166.63	63670730
2014-06-20	0.000026	166.40	168.21	165.50	166.45	69562420
2014-06-19	-0.013781	164.11	164.39	162.93	163.94	33484491
2014-06-18	0.009229	165.62	166.46	163.79	166.42	6575295
2014-06-17	0.000695	165.74	166.67	165.23	166.47	67414804
2014-06-16	0.004460	166.48	166.83	163.12	166.81	34885102
2014-06-13	0.033530	172.06	172.35	171.05	171.07	77895644
2014-06-12	0.007203	173.30	176.93	172.94	171.79	45764097
2014-06-11	0.035503	179.45	180.45	178.62	179.18	51455363
2014-06-10	0.014063	181.97	184.63	181.53	182.53	45218520
2014-06-09	-0.010472	180.07	180.43	179.25	179.74	49398736
2014-06-06	0.005780	181.11	183.94	180.90	180.18	70003435
2014-06-05	-0.030932	175.51	176.90	175.06	175.40	56958351
2014-06-04	0.020008	179.02	179.81	174.79	178.20	59319706
2014-06-03	0.040769	186.32	186.88	186.02	186.45	50891074
2014-06-02	0.015486	189.20	193.29	187.95	188.27	66264751
2014-05-30	-0.005058	188.24	188.85	186.92	187.17	88349978
2014-05-29	0.026371	193.21	193.59	191.31	192.71	32737904
2014-05-28	0.017474	196.59	197.98	193.53	198.44	46142968
2014-05-27	0.018872	200.30	201.40	198.69	201.30	51857029
2014-05-26	0.013247	202.95	206.58	201.85	202.29	14541082
2014-05-23	0.010399	205.06	206.31	204.85	206.43	98843110
2014-05-22	-0.007714	203.48	204.09	201.01	203.66	57272075
2014-05-21	0.018600	207.26	209.47	205.07	207.32	40903873
2014-05-20	-0.018345	203.46	203.82	201.57	204.00	25208207
2014-05-19	-0.005476	202.35	205.36	201.00	203.94	24691514
2014-05-16	-0.005686	201.19	205.81	199.42	200.96	5993790
2014-05-15	0.026997	206.63	208.94	205.81	205.05	70124679
2014-05-14	0.025232	211.84	213.25	209.40	210.57	88996690
2014-05-13	0.001510	212.16	212.73	208.23	210.38	82746191
2014-05-12	0.003734	212.95	215.86	212.36	213.41	39065232
2014-05-09	-0.024158	207.81	208.53	203.97	209.08	95813554
2014-05-08	0.008243	209.52	209.63	205.51	212.46	37252568
2014-05-07	0.008240	211.25	211.54	210.94	210.47	77891181
2014-05-06	-0.046048	201.52	202.19	201.48	202.11	48679584
2014-05-05	0.014688	204.48	205.40	201.36	203.78	74929846
2014-05-02	-0.028229	198.71	201.17	198.57	198.11	21503916
2014-05-01	-0.007396	197.24	197.35	193.75	196.82	25335803
2014-04-30	0.006800	198.58	200.08	196.56	197.38	10135520
2014-04-29	0.006938	199.96	202.58	197.85	199.93	84181474
2014-04-28	0.018514	203.66	203.99	203.06	201.90	73243299
2014-04-25	-0.011909	201.23	204.33	200.52	201.06	8865564
2014-04-24	0.029925	207.25	210.86	207.09	204.90	66029958
2014-04-23	0.003430	207.97	212.48	206.56	208.60	89326222
2014-04-22	0.030062	214.22	214.68	210.35	214.61	43087285
2014-04-21	0.030803	220.82	223.62	220.20	221.88	92331866
2014-04-18	0.016898	224.55	226.83	221.52	224.96	8193710
2014-04-17	-0.028293	218.19	218.48	216.06	217.84	92078463
2014-04-16	-0.013259	215.30	215.68	214.09	216.31	43531371
2014-04-15	0.017100	218.98	220.28	217.04	220.91	45796379
2014-04-14	-0.010153	216.76	217.11	214.14	217.02	29300816
2014-04-11	-0.016098	213.27	216.61	213.24	213.35	17452641
2014-04-10	0.018942	217.31	219.04	216.55	217.17	75080653
2014-04-09	0.004823	218.36	218.52	217.06	218.67	31241905
2014-04-08	0.005269	219.51	219.90	219.02	219.76	56368136
2014-04-07	0.044457	229.27	230.73	227.68	229.42	33484540
2014-04-04	-0.015494	225.71	226.70	223.63	225.92	3992041
2014-04-03	-0.017650	221.73	221.84	218.83	223.13	23722873
2014-04-02	-0.025611	216.05	217.52	215.35	217.16	13899621
2014-04-01	0.016613	219.64	221.76	218.28	219.17	6334409
2014-03-31	0.004394	220.61	220.84	218.10	221.17	74501122
2014-03-28	-0.036214	212.62	214.89	211.14	211.58	72205286
2014-03-27	-0.011057	210.27	212.65	207.68	210.92	13558371
2014-03-26	0.012976	213.00	214.50	212.39	212.12	8894765
2014-03-25	-0.024122	207.86	208.83	206.65	208.19	81487956
2014-03-24	-0.018963	203.92	205.30	201.78	203.21	73367183
2014-03-21	-0.010477	201.78	205.98	201.51	200.90	71001624
2014-03-20	0.038864	209.62	212.31	207.75	207.10	5041714
2014-03-19	-0.006537	208.25	208.36	207.58	210.28	64159254
2014-03-18	-0.006971	206.80	208.14	204.39	206.75	82510406
2014-03-17	-0.009663	204.80	206.80	204.17	204.83	10394577
2014-03-14	0.025772	210.08	212.14	208.10	210.95	86837634
2014-03-13	0.000854	210.26	211.56	209.90	210.03	88839887
2014-03-12	-0.014994	207.11	209.35	204.78	206.39	56880086
2014-03-11	0.006601	208.47	208.48	207.71	210.35	68605673
2014-03-10	-0.021138	204.07	207.70	202.32	203.93	31130933
2014-03-07	-0.045077	194.87	196.80	193.95	194.79	9154800
2014-03-06	-0.014533	192.04	192.17	192.02	193.29	16318241
2014-03-05	-0.003656	191.33	194.93	189.85	192.00	26730274
2014-03-04	-0.043625	182.99	183.48	182.22	182.94	69677775
2014-03-03	-0.013778	180.47	182.43	176.97	180.89	19935692
2014-02-28	-0.014946	177.77	177.98	176.66	178.99	28925619
2014-02-27	0.001843	178.10	181.09	177.85	179.05	12398832
2014-02-26	-0.032536	172.30	173.05	168.44	172.69	65004552
2014-02-25	0.006167	173.36	177.49	172.91	173.70	68264417
2014-02-24	0.033006	179.09	180.28	178.28	178.47	95369021
2014-02-21	0.014229	181.63	182.74	180.46	182.16	12934510
2014-02-20	0.005846	182.70	183.68	181.29	182.51	80130417
2014-02-19	0.045705	191.05	191.30	188.64	190.11	99838343
2014-02-18	-0.005458	190.00	190.27	189.40	188.95	37279945
2014-02-17	-0.018324	186.52	188.28	186.21	186.41	67132009
2014-02-14	0.030430	192.20	193.73	189.47	190.94	59972949
2014-02-13	-0.018044	188.73	191.04	188.15	189.15	38967299
2014-02-12	0.007946	190.23	190.93	188.35	189.61	99912436
2014-02-11	0.000713	190.36	193.81	187.29	189.62	37022129
2014-02-10	0.009435	192.16	193.80	191.08	191.00	39980893
2014-02-07	0.000075	192.17	195.34	191.28	191.32	75753654
2014-02-06	-0.012883	189.70	192.69	188.43	190.31	27097823
2014-02-05	0.007591	191.14	194.54	191.01	190.78	79201057
2014-02-04	0.011875	193.41	194.27	192.62	192.90	34123743
2014-02-03	0.020712	197.41	198.11	196.24	197.24	45863015
2014-01-31	0.008154	199.02	200.35	195.98	200.04	23231914
2014-01-30	0.027858	204.57	204.81	203.49	205.09	37929995
2014-01-29	0.040702	212.90	215.40	211.64	213.35	56551936
2014-01-28	-0.000649	212.76	212.86	212.68	214.86	24560039
2014-01-27	0.030388	219.22	222.32	218.03	220.25	43479031
2014-01-24	-0.007314	217.62	219.60	215.58	216.39	29907275
2014-01-23	-0.010764	215.28	215.60	212.71	215.24	60193540
2014-01-22	-0.004168	214.38	214.70	214.28	214.64	55313736
2014-01-21	-0.013293	211.53	213.98	211.18	212.06	43544717
2014-01-20	-0.014005	208.57	209.25	207.85	207.78	41525722
2014-01-17	0.014398	211.57	211.77	211.19	212.21	16948203
2014-01-16	-0.035735	204.01	204.13	203.04	205.64	46875823
2014-01-15	0.023137	208.73	209.91	208.21	209.54	40277481
2014-01-14	-0.008917	206.87	208.93	205.94	207.62	81852176
2014-01-13	0.015653	210.11	211.77	208.78	208.40	90777288
2014-01-10	-0.053958	198.77	200.80	195.11	197.84	49571457
2014-01-09	0.022768	203.30	203.47	202.66	203.61	88560039
2014-01-08	-0.035309	196.12	196.99	194.07	194.82	13488213
2014-01-07	0.002262	196.56	197.49	193.58	196.30	70007597
2014-01-06	-0.019905	192.65	193.33	192.22	192.31	8886842
2014-01-03	0.015193	195.58	196.37	195.49	196.85	70355222
2014-01-02	0.005663	196.68	202.27	195.96	198.24	75454067
