2016-01-01	-0.029491	97.89	99.09	97.70	97.57	32639793
2015-12-31	0.004901	98.37	99.40	97.33	97.57	77097621
2015-12-30	-0.016395	96.76	97.33	95.64	96.85	62610852
2015-12-29	-0.003007	96.47	97.54	96.38	95.79	59466927
2015-12-28	-0.014476	95.07	95.34	94.43	95.56	20018269
2015-12-25	0.026953	97.63	98.14	97.17	98.60	93173812
2015-12-24	-0.025112	95.18	95.60	93.45	94.98	17659819
2015-12-23	-0.031815	92.15	93.96	91.00	91.90	75444026
2015-12-22	-0.026592	89.70	89.75	89.35	89.72	43881939
2015-12-21	0.032456	92.61	93.10	90.84	92.94	95307380
2015-12-18	-0.016166	91.12	92.67	88.70	90.25	58706746
2015-12-17	-0.000276	91.09	92.63	90.72	91.14	90500521
2015-12-16	-0.027060	88.63	88.72	88.17	88.28	76120770
2015-12-15	0.017598	90.19	90.86	89.34	90.18	62024520
2015-12-14	-0.039834	86.59	86.85	86.01	86.65	45583490
2015-12-11	0.004759	87.01	88.00	86.65	87.10	51534003
2015-12-10	0.007292	87.64	88.54	87.60	87.68	76637468
2015-12-09	0.010446	88.56	89.26	87.95	89.03	30499698
2015-12-08	-0.039539	85.05	85.63	84.84	85.23	37449672
2015-12-07	0.003064	85.32	86.43	85.21	84.96	48367041
2015-12-04	0.006721	85.89	86.61	85.85	85.73	40639599
2015-12-03	0.018549	87.48	87.59	86.50	87.54	49210966
2015-12-02	-0.017592	85.94	86.40	85.43	85.88	19115447
2015-12-01	0.013425	87.10	89.13	86.04	86.65	4559532
2015-11-30	-0.010419	86.19	88.01	85.02	85.42	16020954
2015-11-27	0.006181	86.72	86.98	86.52	86.57	90993823
2015-11-26	0.022432	88.67	88.87	88.25	88.42	43199677
2015-11-25	-0.010623	87.73	89.53	87.52	87.85	65441490
2015-11-24	0.001986	87.90	88.27	87.85	87.50	68725437
2015-11-23	-0.001363	87.78	88.38	87.40	87.65	15456430
2015-11-20	-0.019079	86.11	87.23	83.74	85.57	94288619
2015-11-19	0.004736	86.51	86.89	86.01	86.87	49541018
2015-11-18	-0.024644	84.38	84.66	84.34	84.46	23166982
2015-11-17	0.051304	88.71	88.86	87.66	88.13	72192313
2015-11-16	0.013558	89.91	91.53	88.75	89.66	40294284
2015-11-13	-0.019430	88.17	88.24	87.25	88.09	95636798
2015-11-12	-0.001396	88.04	88.48	87.71	88.38	77281303
2015-11-11	0.019247	89.74	90.58	88.71	89.50	48140613
2015-11-10	-0.011833	88.68	89.54	88.57	88.87	46958170
2015-11-09	0.007999	89.38	90.84	87.75	89.67	41557021
2015-11-06	0.017911	90.99	91.63	89.93	89.79	37721370
2015-11-05	0.001015	91.08	91.77	89.70	90.94	86345450
2015-11-04	-0.031267	88.23	88.66	87.38	88.22	86900571
2015-11-03	0.018699	89.88	90.96	88.26	89.24	13950836
2015-11-02	-0.005528	89.38	90.76	89.33	89.15	71817490
2015-10-30	0.012562	90.51	91.78	90.32	90.50	14932674
2015-10-29	0.043272	94.42	95.28	93.32	94.06	2262314
2015-10-28	0.016664	96.00	96.79	95.00	96.12	13735101
2015-10-27	-0.001416	95.86	97.07	93.77	95.66	33130660
2015-10-26	-0.010137	94.89	95.11	94.55	94.58	80393899
2015-10-23	-0.011169	93.83	95.50	93.43	93.12	40584677
2015-10-22	0.058992	99.36	99.99	98.62	99.83	83389788
2015-10-21	0.016850	101.04	101.30	101.02	100.86	9192594
2015-10-20	0.022681	103.33	103.94	101.24	104.20	77605415
2015-10-19	-0.040069	99.19	99.72	98.27	99.26	97312190
2015-10-16	-0.008842	98.31	99.80	97.75	97.81	35790243
2015-10-15	-0.001060	98.21	99.70	97.29	97.70	64695894
2015-10-14	-0.002474	97.97	98.39	97.07	98.03	25120285
2015-10-13	-0.015287	96.47	98.29	95.90	95.94	53280146
2015-10-12	0.007003	97.14	98.00	96.68	96.62	79431366
2015-10-09	-0.009036	96.27	96.68	95.82	96.24	45991498
2015-10-08	0.004940	96.74	96.96	96.24	96.61	12783508
2015-10-07	-0.017530	95.05	96.29	93.92	95.10	41931917
2015-10-06	-0.001197	94.93	97.06	94.55	95.19	46277032
2015-10-05	-0.010604	93.92	94.03	93.83	93.58	11564396
2015-10-02	0.020085	95.81	96.62	94.55	95.70	81487830
2015-10-01	0.003834	96.18	96.58	93.69	96.08	91734427
2015-09-30	-0.002793	95.91	96.91	94.26	95.83	40542448
2015-09-29	-0.003377	95.59	97.19	95.38	95.51	61017741
2015-09-28	-0.030604	92.66	92.88	91.98	93.53	3287611
2015-09-25	-0.000714	92.59	94.20	91.44	91.53	4728114
2015-09-24	0.002101	92.79	94.04	91.97	93.15	41168437
2015-09-23	-0.014325	91.46	91.85	90.97	91.09	89968727
2015-09-22	0.009906	92.37	93.03	91.61	92.46	89972545
2015-09-21	0.003859	92.72	93.39	91.91	93.03	54785568
2015-09-18	-0.017282	91.12	91.39	90.71	91.12	48829130
2015-09-17	0.007644	91.82	92.24	91.51	91.30	8806324
2015-09-16	0.023680	93.99	94.58	92.88	93.66	17419108
2015-09-15	0.006381	94.59	95.85	92.57	94.21	61162389
2015-09-14	0.000983	94.68	94.69	93.33	94.57	52034236
2015-09-11	0.001716	94.85	95.14	94.27	94.54	60706499
2015-09-10	-0.019122	93.03	93.46	92.30	92.84	81433042
2015-09-09	0.023519	95.22	95.74	94.69	94.82	13634701
2015-09-08	-0.014070	93.88	94.82	92.81	94.22	80274157
2015-09-07	-0.005386	93.37	93.39	92.94	93.32	4474086
2015-09-04	-0.004232	92.98	93.56	91.82	94.00	88452631
2015-09-03	0.030451	95.81	96.46	95.31	95.93	75079872
2015-09-02	0.013544	97.11	98.19	95.48	97.32	35035144
2015-09-01	0.017503	98.81	99.21	96.64	98.66	27086725
2015-08-31	-0.057408	93.14	94.75	93.11	92.26	32267771
2015-08-28	0.007979	93.88	94.28	93.56	93.78	45909749
2015-08-27	-0.005441	93.37	93.77	90.48	93.04	6539217
2015-08-26	0.035523	96.69	97.88	95.96	96.66	64981077
2015-08-25	-0.010091	95.71	96.26	95.45	95.56	90304973
2015-08-24	-0.006854	95.05	96.48	94.61	94.83	16713226
2015-08-21	-0.031205	92.09	93.40	91.20	92.86	15587052
2015-08-20	-0.013202	90.87	91.82	90.55	90.49	53211096
2015-08-19	-0.014804	89.53	89.73	88.66	89.27	5123904
2015-08-18	0.044063	93.47	94.00	93.33	94.11	36917869
2015-08-17	0.003964	93.84	94.06	93.43	93.55	17670794
2015-08-14	0.019156	95.64	96.30	94.78	95.29	11012727
2015-08-13	0.011699	96.76	97.07	96.58	97.93	3344988
2015-08-12	0.010460	97.77	98.07	97.19	98.12	40760242
2015-08-11	-0.001840	97.59	99.74	97.11	97.76	10345736
2015-08-10	0.001535	97.74	99.06	96.90	97.31	84759111
2015-08-07	0.013671	99.08	100.12	98.81	99.05	3674908
2015-08-06	-0.024323	96.67	98.88	95.53	96.39	55588753
2015-08-05	0.028264	99.40	100.39	97.41	99.88	93791652
2015-08-04	0.020801	101.47	103.81	101.32	101.17	59427467
2015-08-03	-0.004175	101.04	102.19	100.65	100.97	85659579
2015-07-31	0.007034	101.75	102.67	100.88	102.23	49829219
2015-07-30	0.032219	105.03	105.55	103.84	104.36	87463284
2015-07-29	0.002381	105.28	105.50	104.28	104.79	41154012
2015-07-28	-0.015256	103.68	103.84	101.65	104.04	75269671
2015-07-27	0.008570	104.56	104.67	103.53	104.93	26792849
2015-07-24	-0.022096	102.25	103.23	102.08	101.82	25173945
2015-07-23	0.010413	103.32	104.13	103.15	102.69	32996075
2015-07-22	0.032446	106.67	108.43	104.16	106.80	51492534
2015-07-21	0.006907	107.41	107.96	107.34	108.31	23718573
2015-07-20	-0.047173	102.34	104.07	102.21	101.23	32744444
2015-07-17	-0.006790	101.65	102.81	100.83	101.63	63499591
2015-07-16	-0.009650	100.67	102.62	98.32	101.37	7241325
2015-07-15	0.016457	102.32	102.66	99.84	102.62	42978902
2015-07-14	-0.026520	99.61	100.44	99.06	98.97	70512278
2015-07-13	-0.019899	97.63	98.96	97.27	97.79	67034830
2015-07-10	-0.016019	96.06	96.99	95.78	95.57	96832024
2015-07-09	0.034614	99.39	100.27	98.13	99.20	14032414
2015-07-08	-0.006277	98.76	99.65	97.47	99.01	76252203
2015-07-07	-0.000826	98.68	99.72	97.76	98.92	80074433
2015-07-06	0.000872	98.77	99.73	97.65	99.21	96712143
2015-07-03	-0.026096	96.19	96.73	94.80	96.18	11370870
2015-07-02	0.022700	98.37	98.67	97.95	98.64	26376908
2015-07-01	-0.002581	98.12	99.11	97.52	96.82	91089878
2015-06-30	0.014110	99.51	100.29	99.38	100.06	2041366
2015-06-29	0.032244	102.71	104.59	102.33	102.88	57831085
2015-06-26	0.025469	105.33	105.96	103.75	105.58	46568643
2015-06-25	-0.012327	104.03	104.53	103.60	104.70	22648863
2015-06-24	-0.006108	103.40	103.47	103.07	103.12	94345877
2015-06-23	-0.002247	103.16	105.08	102.93	102.47	95754686
2015-06-22	-0.006239	102.52	103.78	102.30	102.96	94449497
2015-06-19	0.002138	102.74	103.90	102.63	103.19	1958966
2015-06-18	0.001263	102.87	103.42	102.32	103.64	85454361
2015-06-17	0.008784	103.77	104.34	102.71	103.36	61581620
2015-06-16	0.052435	109.21	111.51	107.74	109.47	73606133
2015-06-15	0.020597	111.46	111.85	109.57	111.62	71240273
2015-06-12	0.029739	114.78	115.34	112.29	114.44	29189693
2015-06-11	0.024507	117.59	118.65	116.53	117.94	49447961
2015-06-10	-0.005128	116.99	120.08	115.50	117.12	39705145
2015-06-09	0.009535	118.10	119.15	116.93	118.25	35293453
2015-06-08	0.005652	118.77	118.78	118.23	119.08	22857907
2015-06-05	0.018298	120.94	122.08	118.77	121.63	22614847
2015-06-04	-0.024016	118.04	118.82	115.96	118.83	20943390
2015-06-03	-0.021378	115.52	115.97	114.03	115.18	93864506
2015-06-02	-0.002477	115.23	115.40	114.79	115.35	8693665
2015-06-01	-0.005113	114.64	115.30	112.91	115.50	31127426
2015-05-29	0.002902	114.97	115.16	114.75	115.33	18039618
2015-05-28	0.030237	118.45	120.43	117.96	118.82	75268567
2015-05-27	-0.000096	118.44	119.15	118.30	118.20	65136150
2015-05-26	0.006696	119.23	120.81	117.54	119.93	27652348
2015-05-25	0.018736	121.47	121.85	119.95	121.32	61518837
2015-05-22	0.003710	121.92	124.10	120.90	121.54	54692943
2015-05-21	-0.010821	120.60	120.91	117.78	118.74	7809357
2015-05-20	-0.010547	119.32	120.55	119.00	119.58	38601987
2015-05-19	0.012509	120.82	122.89	119.64	121.60	62258235
2015-05-18	-0.001716	120.61	121.12	118.58	120.94	15545203
2015-05-15	-0.000570	120.54	120.74	117.94	120.11	40430156
2015-05-14	0.008962	121.62	123.82	121.08	121.38	18259262
2015-05-13	-0.016787	119.58	119.91	117.42	119.79	93115526
2015-05-12	-0.024369	116.67	116.71	114.23	116.93	6787159
2015-05-11	0.015175	118.44	119.59	118.05	118.15	39297173
2015-05-08	-0.030563	114.82	116.28	113.86	115.06	60611278
2015-05-07	0.032506	118.55	120.20	118.00	118.22	32089337
2015-05-06	-0.047105	112.96	113.79	111.92	111.77	13279049
2015-05-05	0.031249	116.49	118.59	114.70	115.82	36677039
2015-05-04	-0.036384	112.26	113.27	111.84	111.72	40289955
2015-05-01	-0.018897	110.13	111.67	108.83	110.09	50820358
2015-04-30	0.060573	116.81	118.90	115.39	117.04	51241102
2015-04-29	-0.014600	115.10	115.60	114.86	114.29	71588088
2015-04-28	-0.019888	112.81	114.26	112.73	112.92	28061432
2015-04-27	-0.023070	110.21	110.49	108.91	110.22	97806551
2015-04-24	-0.029910	106.91	108.93	106.61	107.08	25910000
2015-04-23	-0.012555	105.57	105.82	105.56	105.78	3553060
2015-04-22	-0.010083	104.51	104.75	102.64	104.28	43024276
2015-04-21	-0.031692	101.19	102.37	100.57	101.53	98323517
2015-04-20	-0.003850	100.80	101.29	100.77	101.74	9743476
2015-04-17	-0.010511	99.74	99.90	99.26	99.53	23888100
2015-04-16	0.032163	102.95	103.33	102.71	103.47	88045211
2015-04-15	0.039655	107.03	107.32	105.78	107.52	62330727
2015-04-14	0.022142	109.40	111.10	108.02	109.96	12954458
2015-04-13	-0.008892	108.43	108.93	107.25	108.04	97375607
2015-04-10	0.025076	111.15	111.18	110.87	110.69	61831661
2015-04-09	0.011334	112.41	113.74	111.47	113.27	74529723
2015-04-08	-0.022254	109.91	111.16	109.75	110.29	80517061
2015-04-07	0.022580	112.39	112.43	111.30	112.98	46146575
2015-04-06	-0.017250	110.45	110.95	109.77	109.22	60281088
2015-04-03	0.024429	113.15	114.75	111.87	113.15	41984219
2015-04-02	0.009925	114.27	114.53	114.27	114.54	81411141
2015-04-01	-0.026544	111.24	111.28	110.97	111.80	81635478
2015-03-31	0.031012	114.69	115.27	112.73	114.35	94808190
2015-03-30	-0.000912	114.59	115.51	114.27	114.22	9821585
2015-03-27	0.002558	114.88	115.60	112.65	115.05	14235209
2015-03-26	0.004443	115.39	116.43	114.31	115.24	67216050
2015-03-25	0.014311	117.04	117.67	116.91	117.23	16692157
2015-03-24	0.035822	121.23	122.68	119.37	121.21	87074039
2015-03-23	-0.012588	119.71	120.40	119.10	120.15	31964809
2015-03-20	0.012293	121.18	121.73	119.56	120.79	56885945
2015-03-19	-0.005496	120.51	121.64	119.48	120.12	7684560
2015-03-18	0.008524	121.54	123.38	121.26	121.59	54431479
2015-03-17	0.002406	121.83	123.91	120.89	121.93	68699844
2015-03-16	0.030845	125.59	126.81	125.01	126.18	89188977
2015-03-13	0.027987	129.11	129.64	128.93	129.22	21780236
2015-03-12	-0.026960	125.62	125.89	125.12	124.37	32513018
2015-03-11	0.032415	129.70	130.06	127.11	130.14	82384368
2015-03-10	0.005090	130.36	131.86	127.17	130.80	67416476
2015-03-09	-0.025008	127.10	127.13	126.89	128.70	83505235
2015-03-06	-0.005800	126.36	127.86	124.93	126.11	51698118
2015-03-05	0.000187	126.38	127.92	125.34	125.95	75175493
2015-03-04	-0.018896	124.00	125.62	123.02	123.97	85728627
2015-03-03	0.029598	127.67	127.97	125.11	127.53	20187478
2015-03-02	-0.001339	127.49	127.70	124.03	127.56	71735634
2015-02-27	0.015272	129.44	129.76	128.11	128.24	96300063
2015-02-26	-0.013793	127.66	127.88	127.58	126.44	50398483
2015-02-25	0.012851	129.30	130.14	128.06	129.54	96609675
2015-02-24	-0.017609	127.02	127.28	126.42	127.68	2522841
2015-02-23	0.006400	127.83	128.49	126.88	127.87	62927546
2015-02-20	0.003474	128.28	129.10	127.45	129.51	39396084
2015-02-19	-0.032378	124.12	125.45	124.03	123.59	60282428
2015-02-18	0.044452	129.64	130.75	128.22	129.02	83153234
2015-02-17	0.002872	130.01	130.03	129.04	131.29	80557665
2015-02-16	-0.022947	127.03	128.43	126.62	127.79	54527755
2015-02-13	-0.014512	125.19	126.85	123.65	125.69	36096960
2015-02-12	-0.009597	123.99	124.37	123.14	124.46	10834057
2015-02-11	0.005820	124.71	125.91	124.18	124.58	47922967
2015-02-10	0.037233	129.35	130.23	128.18	130.55	11071229
2015-02-09	-0.015557	127.34	128.21	127.02	127.81	65342877
2015-02-06	0.016378	129.42	131.20	127.41	129.02	51753434
2015-02-05	-0.005860	128.66	129.47	127.30	128.67	10065533
2015-02-04	0.020530	131.31	131.86	130.57	131.75	65726826
2015-02-03	0.043660	137.04	138.20	136.18	137.48	64410659
2015-02-02	0.018517	139.58	141.41	139.11	139.47	37824609
2015-01-30	0.020128	142.39	143.72	140.35	142.25	27409991
2015-01-29	-0.003681	141.86	144.32	140.76	141.82	81854780
2015-01-28	-0.001649	141.63	143.42	140.86	142.06	37891014
2015-01-27	0.000961	141.76	142.16	140.11	142.30	99249839
2015-01-26	-0.003159	141.32	144.97	140.96	141.27	14082952
2015-01-23	0.016266	143.61	145.50	142.35	143.38	84963353
2015-01-22	-0.023261	140.27	140.97	139.64	140.51	46095316
2015-01-21	0.012650	142.05	143.13	141.22	142.40	98722674
2015-01-20	0.009531	143.40	144.00	142.68	143.67	73466279
2015-01-19	-0.010562	141.89	142.98	140.98	142.16	35772021
2015-01-16	-0.024733	138.38	140.43	137.73	138.51	14257108
2015-01-15	-0.005604	137.60	138.39	136.07	136.65	37348391
2015-01-14	-0.020500	134.78	136.09	133.36	133.65	78519282
2015-01-13	0.031243	138.99	141.99	137.86	138.81	10668354
2015-01-12	-0.015805	136.80	138.10	135.44	137.11	90663594
2015-01-09	-0.000122	136.78	137.96	135.11	136.18	92508386
2015-01-08	-0.014030	134.86	135.23	133.66	135.64	65531811
2015-01-07	-0.029537	130.88	131.10	129.52	131.20	38409965
2015-01-06	0.014687	132.80	133.60	132.00	131.51	28031181
2015-01-05	0.013205	134.55	135.74	133.60	134.62	80961482
2015-01-02	-0.031144	130.36	130.41	129.55	129.97	84267826
2015-01-01	-0.016177	128.25	128.52	127.09	128.22	2141079
2014-12-31	-0.027327	124.75	126.59	123.75	125.44	8783820
2014-12-30	0.026322	128.03	131.89	127.52	126.41	45757393
2014-12-29	0.006474	128.86	129.11	128.54	129.36	76666367
2014-12-26	0.012054	130.41	130.70	130.08	130.67	73167659
2014-12-25	-0.002945	130.03	130.55	129.31	129.47	74076529
2014-12-24	0.031986	134.19	134.64	133.47	134.70	38892362
2014-12-23	-0.013676	132.35	132.75	131.42	131.86	62001815
2014-12-22	0.005057	133.02	134.05	132.46	132.72	7030383
2014-12-19	0.014891	135.00	135.22	134.08	135.20	43651952
2014-12-18	-0.008283	133.89	135.82	133.53	134.54	79586228
2014-12-17	0.009209	135.12	137.47	134.90	135.50	70699457
2014-12-16	0.003705	135.62	137.44	134.02	135.86	78334442
2014-12-15	0.023031	138.74	139.93	138.63	138.85	6979495
2014-12-12	0.022569	141.88	142.04	141.04	141.44	6198375
2014-12-11	0.028756	145.95	146.41	143.36	145.74	57083681
2014-12-10	0.026453	149.82	152.01	146.66	149.98	63669062
2014-12-09	-0.043084	143.36	144.56	142.71	145.10	15038459
2014-12-08	0.023135	146.68	150.15	146.09	146.51	59601133
2014-12-05	-0.002271	146.34	148.52	146.26	146.27	15088206
2014-12-04	0.006140	147.24	147.82	146.66	146.47	56148175
2014-12-03	0.004357	147.88	148.72	147.23	148.13	30105117
2014-12-02	0.018718	150.65	150.85	148.09	150.84	9426681
2014-12-01	-0.011696	148.89	150.37	148.48	148.17	84822385
2014-11-28	-0.016806	146.39	147.45	145.69	146.15	10226463
2014-11-27	0.013027	148.30	148.80	146.74	148.43	70711611
2014-11-26	0.003768	148.85	149.04	148.53	147.17	53298927
2014-11-25	0.020154	151.85	153.86	151.58	151.50	90694962
2014-11-24	0.011174	153.55	153.83	152.65	153.48	52494699
2014-11-21	-0.040298	147.36	147.83	145.31	147.46	1398890
2014-11-20	-0.003987	146.78	148.46	146.25	146.09	11679757
2014-11-19	-0.008845	145.48	147.53	145.08	145.93	47191979
2014-11-18	0.002165	145.79	147.17	144.88	146.62	7358032
2014-11-17	0.023420	149.21	150.23	148.85	148.21	34058287
2014-11-14	0.004416	149.87	150.93	148.39	149.62	64394864
2014-11-13	0.022556	153.25	154.08	152.37	153.14	71239984
2014-11-12	0.008043	154.48	156.11	153.28	155.22	31496829
2014-11-11	0.014260	156.68	158.01	155.37	157.11	77758731
2014-11-10	-0.008289	155.38	155.76	153.30	155.01	12071039
2014-11-07	0.026988	159.58	162.55	159.57	159.09	82660017
2014-11-06	-0.014090	157.33	160.95	153.00	158.49	58242821
2014-11-05	-0.005686	156.43	158.04	155.98	157.38	74318426
2014-11-04	-0.004573	155.72	155.85	155.55	156.42	9842843
2014-11-03	-0.016592	153.13	153.56	152.84	152.69	44017826
2014-10-31	-0.004809	152.40	153.77	151.51	151.71	65865167
2014-10-30	-0.001143	152.22	156.06	152.13	151.34	17097343
2014-10-29	0.018639	155.06	156.30	155.05	155.10	80459844
2014-10-28	0.015834	157.52	159.20	156.48	156.89	99890467
2014-10-27	0.022964	161.13	161.77	161.11	160.28	4479012
2014-10-24	-0.019154	158.05	158.44	157.93	158.53	26990033
2014-10-23	0.048716	165.75	167.43	163.72	165.67	69319814
2014-10-22	-0.000549	165.66	167.19	163.02	165.96	75914553
2014-10-21	0.003667	166.26	167.59	164.62	166.14	10999973
2014-10-20	0.007908	167.58	168.28	167.39	168.78	30987860
2014-10-17	-0.022262	163.85	166.26	160.14	162.99	84932612
2014-10-16	0.029299	168.65	169.13	168.36	170.15	19198852
2014-10-15	-0.009527	167.04	168.54	166.05	166.44	28519326
2014-10-14	0.001982	167.37	169.22	166.22	167.09	50798383
2014-10-13	0.000655	167.48	168.69	166.01	166.89	20658780
2014-10-10	0.010131	169.18	170.00	168.96	168.50	17979615
2014-10-09	-0.046367	161.33	162.71	160.80	162.22	98352250
2014-10-08	0.005355	162.20	163.10	161.45	162.85	2380210
2014-10-07	-0.027179	157.79	158.38	157.39	158.49	11048276
2014-10-06	-0.030907	152.91	153.46	151.14	152.23	36193221
2014-10-03	0.018998	155.82	158.57	154.23	154.43	96192607
2014-10-02	0.009079	157.23	158.62	156.75	155.86	1713128
2014-10-01	-0.040012	150.94	152.65	150.76	151.94	57988443
2014-09-30	-0.015850	148.55	149.76	148.13	147.55	81622846
2014-09-29	0.013993	150.63	152.15	149.95	151.13	19979334
2014-09-26	0.017585	153.28	153.49	152.20	153.09	73472451
2014-09-25	0.017536	155.96	156.84	155.31	156.71	36978460
2014-09-24	-0.000719	155.85	155.93	155.70	154.01	39240064
2014-09-23	0.017590	158.59	158.79	156.93	160.04	20208447
2014-09-22	-0.017765	155.78	157.94	155.17	156.51	17426928
2014-09-19	0.025043	159.68	164.26	159.19	159.19	29905792
2014-09-18	-0.014840	157.31	158.80	157.06	157.52	12326200
2014-09-17	0.010973	159.03	160.54	156.67	159.14	22175533
2014-09-16	-0.004031	158.39	158.94	157.80	158.57	20431917
2014-09-15	-0.014744	156.06	157.17	155.20	156.24	23598227
2014-09-12	0.019874	159.16	159.53	156.55	159.32	14837327
2014-09-11	-0.021330	155.76	157.82	154.28	155.98	84348744
2014-09-10	0.019987	158.88	161.46	156.36	160.33	37549893
2014-09-09	0.028812	163.46	165.47	162.49	164.12	17010125
2014-09-08	0.025264	167.58	169.18	164.54	168.03	7007220
2014-09-05	-0.025528	163.31	164.70	163.13	164.07	47084620
2014-09-04	-0.005171	162.46	163.58	161.88	162.38	57890294
2014-09-03	-0.031068	157.41	157.71	156.83	156.33	37047645
2014-09-02	-0.019458	154.35	156.23	152.94	155.63	39746124
2014-09-01	-0.014021	152.19	152.91	149.20	152.92	20672575
2014-08-29	0.007110	153.27	155.64	150.78	152.40	38808395
2014-08-28	0.004514	153.96	154.98	153.81	153.11	29582747
2014-08-27	0.000981	154.11	154.75	154.03	153.78	26523629
2014-08-26	-0.016946	151.50	152.03	148.37	151.93	84078723
2014-08-25	-0.027057	147.40	147.56	147.37	147.48	29045354
2014-08-22	0.027759	151.49	152.51	149.12	150.94	68734218
2014-08-21	-0.002743	151.08	152.46	150.56	150.22	77383844
2014-08-20	0.003702	151.64	151.86	149.26	150.94	87819884
2014-08-19	0.021391	154.88	155.69	151.63	155.21	56911949
2014-08-18	-0.005566	154.02	155.28	153.49	154.87	20164506
2014-08-15	-0.024743	150.21	151.57	149.00	149.08	18723592
2014-08-14	0.011825	151.98	154.30	150.28	152.98	56025317
2014-08-13	-0.000290	151.94	154.12	151.13	152.40	22205105
2014-08-12	-0.012113	150.10	150.61	149.28	150.24	7248152
2014-08-11	0.030581	154.69	154.99	153.39	156.29	19549556
2014-08-08	0.016808	157.29	159.24	156.38	156.65	89818228
2014-08-07	-0.013422	155.18	155.89	153.69	154.93	84155883
2014-08-06	0.018609	158.07	158.86	155.29	157.81	71006542
2014-08-05	0.004504	158.78	158.91	157.12	158.78	35942936
2014-08-04	-0.001227	158.58	159.49	156.12	157.86	96121329
2014-08-01	0.004064	159.23	160.42	158.17	157.68	13731379
2014-07-31	-0.004785	158.47	158.88	157.19	158.32	25349406
2014-07-30	-0.009388	156.98	159.15	156.60	158.32	47521699
2014-07-29	-0.015628	154.53	154.64	150.22	155.82	61995385
2014-07-28	0.011530	156.31	158.87	155.64	156.72	12261318
2014-07-25	0.004466	157.00	158.14	156.04	156.74	79193000
2014-07-24	-0.006042	156.06	157.23	155.65	155.76	14430553
2014-07-23	-0.026172	151.97	152.51	150.69	151.21	98952264
2014-07-22	0.039867	158.03	158.77	155.85	157.90	5196558
2014-07-21	-0.028552	153.52	156.56	152.36	152.33	16730271
2014-07-18	0.015199	155.85	157.28	155.44	156.55	2680426
2014-07-17	0.012471	157.80	160.14	156.31	157.84	28962754
2014-07-16	0.010314	159.42	160.00	158.00	159.19	21740153
2014-07-15	0.019683	162.56	165.42	162.53	162.93	32060560
2014-07-14	0.018049	165.50	167.12	164.76	165.77	55744397
2014-07-11	-0.009844	163.87	164.65	162.65	164.54	13303340
2014-07-10	0.002349	164.25	165.40	164.08	165.48	75819115
2014-07-09	-0.006454	163.19	164.99	162.32	162.62	54101197
2014-07-08	-0.002234	162.83	163.13	161.92	164.01	83140479
2014-07-07	0.009522	164.38	164.85	164.15	164.89	47997785
2014-07-04	0.008447	165.77	167.69	165.09	167.21	77641769
2014-07-03	0.004717	166.55	169.00	166.43	165.33	76215559
2014-07-02	-0.001218	166.34	167.43	166.19	166.74	95580285
2014-07-01	-0.025006	162.18	163.97	162.15	162.08	57349462
2014-06-30	-0.021583	158.68	160.30	158.49	158.68	71599803
2014-06-27	-0.023644	154.93	155.77	153.22	154.55	40288222
2014-06-26	0.036177	160.54	164.79	158.79	159.86	23458428
2014-06-25	0.039395	166.86	167.25	166.70	167.55	44369045
2014-06-24	0.022272	170.58	173.05	168.83	170.60	74251046
2014-06-23	0.007804	171.91	172.68	170.62	170.95	74382309
2014-06-20	0.032871	177.56	177.99	177.05	177.46	19070121
2014-06-19	0.014031	180.05	181.09	177.99	179.79	39197047
2014-06-18	0.022911	184.18	184.58	183.89	185.69	65304452
2014-06-17	-0.000463	184.09	187.95	183.11	184.73	98268318
2014-06-16	0.019342	187.65	189.49	187.24	187.05	87148869
2014-06-13	-0.001876	187.30	189.09	186.32	188.83	91226169
2014-06-12	0.017016	190.49	191.40	189.07	190.56	76467422
2014-06-11	0.017621	193.84	195.08	191.69	192.84	55485267
2014-06-10	-0.010459	191.82	193.04	190.96	191.51	54913802
2014-06-09	-0.027035	186.63	190.26	185.96	185.48	3557164
2014-06-06	-0.004575	185.78	188.47	184.61	185.53	49651662
2014-06-05	0.000437	185.86	188.64	184.98	187.51	52097114
2014-06-04	0.016618	188.95	191.04	188.77	189.37	99790449
2014-06-03	-0.002176	188.54	190.31	185.78	188.89	45015572
2014-06-02	-0.006926	187.23	189.09	183.87	187.19	68856082
2014-05-30	0.022491	191.44	192.62	191.15	191.15	3733687
2014-05-29	-0.020557	187.51	188.46	185.38	187.05	53464726
2014-05-28	0.033848	193.85	194.13	193.83	192.86	72076800
2014-05-27	0.034688	200.58	202.18	199.36	201.56	1473450
2014-05-26	0.006372	201.85	202.52	200.15	201.42	22881206
2014-05-23	-0.019878	197.84	199.31	197.39	198.19	36538646
2014-05-22	-0.005999	196.65	197.31	196.23	197.39	87020656
2014-05-21	0.020341	200.65	201.19	199.73	200.59	2686026
2014-05-20	0.020982	204.86	204.91	204.79	205.22	81526117
2014-05-19	-0.010739	202.66	202.89	200.63	203.08	68959648
2014-05-16	0.035601	209.88	210.53	209.55	210.06	75193896
2014-05-15	-0.012205	207.32	208.98	206.55	205.94	35126503
2014-05-14	0.008379	209.06	210.69	207.59	208.91	3883912
2014-05-13	0.010712	211.30	213.41	208.14	210.50	75670523
2014-05-12	0.021780	215.90	216.10	215.42	215.12	76962548
2014-05-09	-0.014211	212.83	215.13	212.11	212.84	29042352
2014-05-08	-0.007564	211.22	211.48	209.04	210.13	17505988
2014-05-07	-0.006492	209.85	212.74	208.06	210.11	42735865
2014-05-06	-0.027392	204.10	205.58	204.04	203.25	31619866
2014-05-05	0.036994	211.65	214.38	210.61	211.43	85177117
2014-05-02	0.007380	213.21	214.17	212.77	213.50	77592153
2014-05-01	-0.024753	207.93	210.88	204.81	209.04	83445392
2014-04-30	-0.012716	205.29	207.72	205.01	205.21	73058807
2014-04-29	-0.047212	195.60	195.75	193.97	195.01	44453072
2014-04-28	-0.015293	192.61	195.10	190.82	190.78	77072040
2014-04-25	-0.013193	190.07	192.20	189.98	190.03	48010935
2014-04-24	-0.003051	189.49	190.38	187.51	189.78	13227177
2014-04-23	-0.031163	183.58	184.15	183.24	185.68	98011190
2014-04-22	-0.027535	178.53	178.93	175.86	179.22	44062730
2014-04-21	0.052884	187.97	190.91	187.68	187.43	42109794
2014-04-18	0.003129	188.56	189.60	187.92	189.49	30113968
2014-04-17	-0.009487	186.77	187.50	185.24	185.49	80081348
2014-04-16	-0.017872	183.43	185.03	181.67	183.78	13954289
2014-04-15	0.013875	185.97	189.76	183.96	186.49	74908084
2014-04-14	0.002305	186.40	187.59	184.24	186.77	39690860
2014-04-11	0.009200	188.12	188.94	187.64	188.05	96643804
2014-04-10	-0.006311	186.93	189.01	185.79	186.41	78943408
2014-04-09	-0.001751	186.60	187.12	186.03	185.00	52058594
2014-04-08	-0.020418	182.79	183.97	180.92	183.85	44402355
2014-04-07	0.011998	184.99	187.02	184.53	186.09	75818354
2014-04-04	0.018692	188.44	189.05	186.48	187.75	97439360
2014-04-03	0.010435	190.41	192.13	189.27	190.81	95419925
2014-04-02	-0.017582	187.06	188.05	186.63	188.15	6238429
2014-04-01	0.011456	189.21	190.71	188.02	189.48	17604082
2014-03-31	-0.018070	185.79	187.10	184.11	187.42	54822205
2014-03-28	0.008149	187.30	189.79	184.85	186.64	66470557
2014-03-27	-0.009308	185.56	187.74	183.05	186.83	40463034
2014-03-26	0.000361	185.62	187.09	183.79	186.95	39746716
2014-03-25	-0.022131	181.52	182.93	180.76	181.48	67129944
2014-03-24	0.002181	181.91	182.63	181.63	182.37	86843940
2014-03-21	0.006106	183.02	186.72	182.70	182.88	1750451
2014-03-20	-0.024347	178.57	180.88	178.49	179.12	70939640
2014-03-19	-0.010027	176.78	178.46	176.07	177.79	29101151
2014-03-18	0.011709	178.85	179.78	178.49	177.62	62120465
2014-03-17	0.018694	182.19	183.96	181.77	181.14	30761354
2014-03-14	-0.025842	177.48	178.81	176.75	177.72	38241145
2014-03-13	-0.015269	174.77	175.79	173.64	174.17	83725401
2014-03-12	0.005305	175.70	177.25	174.88	175.63	22724780
2014-03-11	-0.029439	170.53	171.26	169.08	169.71	27534803
2014-03-10	-0.020337	167.06	167.12	165.34	166.14	31212312
2014-03-07	-0.001407	166.82	168.20	165.75	168.13	73521735
2014-03-06	0.016143	169.52	170.40	169.42	169.47	36887071
2014-03-05	-0.009502	167.91	169.73	166.78	167.55	64454353
2014-03-04	-0.002654	167.46	170.93	163.72	167.47	96732179
2014-03-03	-0.022519	163.69	166.04	163.16	164.94	87306332
2014-02-28	0.009984	165.32	167.27	163.41	164.16	23951563
2014-02-27	-0.019314	162.13	162.73	157.40	161.82	42428623
2014-02-26	0.008125	163.45	164.27	162.69	163.81	39934078
2014-02-25	-0.047321	155.71	157.56	154.62	154.68	65875619
2014-02-24	-0.022421	152.22	153.01	150.75	151.62	86545367
2014-02-21	-0.004182	151.58	152.70	150.96	151.45	32362986
2014-02-20	-0.020386	148.49	149.13	147.80	148.74	97230185
2014-02-19	0.003267	148.98	151.40	147.97	148.59	74612703
2014-02-18	0.000547	149.06	149.33	147.98	148.71	28341279
2014-02-17	-0.013074	147.11	148.22	145.53	148.17	38357600
2014-02-14	0.014502	149.25	150.64	148.98	147.73	64353221
2014-02-13	-0.075052	138.04	140.07	137.35	139.27	19665440
2014-02-12	0.040730	143.67	145.24	142.58	142.91	91650623
2014-02-11	-0.031882	139.09	140.84	137.23	138.87	15800452
2014-02-10	-0.005290	138.35	139.78	137.70	139.94	29678487
2014-02-07	-0.037845	133.12	134.63	132.54	132.71	89847158
2014-02-06	0.007743	134.15	136.26	133.19	134.50	29306218
2014-02-05	0.013343	135.94	137.21	133.27	136.85	32005629
2014-02-04	0.046236	142.22	142.75	141.99	141.37	47916161
2014-02-03	0.025710	145.88	147.10	141.35	145.99	31237803
2014-01-31	0.010802	147.45	150.01	144.91	146.39	46709223
2014-01-30	-0.007798	146.30	146.65	144.86	147.83	97401940
2014-01-29	-0.024197	142.76	143.78	141.16	142.17	9326249
2014-01-28	-0.008000	141.62	141.74	140.79	141.38	71943337
2014-01-27	0.022192	144.76	146.61	143.19	146.21	44589572
2014-01-24	-0.021389	141.67	141.87	141.18	141.61	35410726
2014-01-23	0.003397	142.15	143.09	140.79	142.48	28474056
2014-01-22	-0.011539	140.51	141.68	139.69	139.25	65340227
2014-01-21	-0.018039	137.97	139.08	137.29	137.51	4719512
2014-01-20	-0.007383	136.96	137.26	135.80	136.68	21965147
2014-01-17	0.001813	137.20	137.31	136.43	136.88	29147735
2014-01-16	0.017086	139.55	143.48	137.69	139.56	76085212
2014-01-15	-0.032592	135.00	135.04	133.60	135.05	27479949
2014-01-14	0.004798	135.65	137.97	132.80	134.88	53142340
2014-01-13	0.046474	141.95	143.37	141.71	141.23	77231873
2014-01-10	0.009509	143.30	144.55	139.41	143.75	80702742
2014-01-09	-0.022709	140.05	140.67	139.60	140.54	7694029
2014-01-08	-0.011488	138.44	139.72	137.98	137.51	64788731
2014-01-07	-0.003076	138.01	138.06	137.86	138.93	66728988
2014-01-06	0.013051	139.81	141.03	138.51	139.23	99981922
2014-01-03	-0.012361	138.09	141.18	137.29	138.77	68246120
2014-01-02	-0.008192	136.95	137.16	135.29	135.53	91470123
