2016-01-01	0.025172	150.64	151.23	150.12	149.71	95238690
2015-12-31	0.004997	151.40	152.34	150.73	151.22	45061687
2015-12-30	0.040872	157.58	158.13	155.41	158.65	1287397
2015-12-29	-0.024030	153.80	156.08	152.54	153.78	26482142
2015-12-28	0.001294	154.00	155.70	152.63	154.71	60994300
2015-12-25	0.014728	156.27	156.46	155.96	157.18	48054150
2015-12-24	-0.002609	155.86	155.90	154.57	155.99	94976848
2015-12-23	-0.017258	153.17	154.54	152.68	151.92	63848949
2015-12-22	0.015339	155.52	156.06	153.94	156.74	97936718
2015-12-21	-0.019234	152.53	154.13	152.27	152.32	13924930
2015-12-18	-0.037230	146.85	148.25	145.85	147.11	31047229
2015-12-17	0.000038	146.85	147.59	145.59	147.33	6308218
2015-12-16	-0.014506	144.72	147.91	144.71	143.70	59777807
2015-12-15	-0.004657	144.05	144.10	143.88	144.76	39159199
2015-12-14	0.014162	146.09	146.46	144.76	146.67	95116185
2015-12-11	0.006218	147.00	149.28	145.91	146.94	90666613
2015-12-10	-0.010235	145.49	146.91	145.34	145.30	83029740
2015-12-09	-0.006619	144.53	144.77	143.78	144.38	44799493
2015-12-08	0.015204	146.73	148.48	144.56	147.68	51307784
2015-12-07	-0.014705	144.57	147.16	143.13	144.54	94815618
2015-12-04	-0.006885	143.57	145.64	142.49	143.85	60812533
2015-12-03	-0.022645	140.32	141.65	139.60	140.82	26242522
2015-12-02	-0.019434	137.60	137.84	136.81	137.36	61926070
2015-12-01	-0.003046	137.18	137.31	135.79	136.85	42932642
2015-11-30	-0.020330	134.39	136.53	132.57	133.98	92136703
2015-11-27	-0.003264	133.95	136.26	132.21	133.81	89721505
2015-11-26	-0.036871	129.01	129.35	127.23	128.25	11457525
2015-11-25	-0.007494	128.04	130.23	126.70	128.31	71405687
2015-11-24	-0.039850	122.94	124.47	122.53	122.75	3897865
2015-11-23	-0.001387	122.77	123.23	121.40	123.42	44981099
2015-11-20	-0.001252	122.62	122.95	121.28	122.27	37903569
2015-11-19	0.046043	128.26	130.67	127.95	127.29	19281481
2015-11-18	0.004488	128.84	129.74	128.45	129.42	39282670
2015-11-17	-0.053304	121.97	124.17	119.43	122.01	30145632
2015-11-16	0.005346	122.62	123.51	121.35	122.55	82836250
2015-11-13	-0.004451	122.08	124.42	120.95	121.89	67618240
2015-11-12	-0.034491	117.87	119.98	116.61	117.49	45987253
2015-11-11	-0.016046	115.97	117.29	114.92	115.42	2956653
2015-11-10	-0.000947	115.87	115.95	115.62	116.46	90539635
2015-11-09	-0.026809	112.76	113.55	111.97	112.40	98773112
2015-11-06	-0.038174	108.45	108.99	107.77	107.98	37093306
2015-11-05	0.004129	108.90	109.27	107.83	109.12	74337748
2015-11-04	-0.037269	104.84	105.89	104.48	104.82	29179995
2015-11-03	0.028766	107.86	108.80	107.40	108.28	14132455
2015-11-02	0.008464	108.77	110.90	108.55	108.07	18394060
2015-10-30	0.027126	111.72	111.83	111.63	111.56	57649735
2015-10-29	0.018877	113.83	115.13	113.26	114.15	33492017
2015-10-28	-0.015250	112.10	113.17	111.77	111.78	42643740
2015-10-27	0.031424	115.62	116.03	114.84	115.77	3477683
2015-10-26	0.036063	119.79	120.45	118.81	119.22	81003225
2015-10-23	-0.016828	117.77	117.87	117.55	117.93	3313886
2015-10-22	-0.024133	114.93	115.61	114.83	115.13	71820897
2015-10-21	-0.011085	113.66	114.07	111.26	113.57	62111924
2015-10-20	0.041321	118.35	120.06	117.52	118.51	51386201
2015-10-19	0.027073	121.56	123.40	120.71	122.30	90598554
2015-10-16	-0.001637	121.36	122.43	119.73	121.10	59216430
2015-10-15	-0.008766	120.29	121.04	119.64	119.75	44477009
2015-10-14	0.011111	121.63	121.73	120.72	122.59	85536011
2015-10-13	0.026395	124.84	126.62	124.75	124.97	10338127
2015-10-12	-0.003465	124.41	125.35	124.17	124.79	38582355
2015-10-09	-0.046923	118.57	119.27	117.30	119.52	40458409
2015-10-08	0.010230	119.78	120.72	117.67	119.89	40355646
2015-10-07	-0.013830	118.13	120.42	118.09	118.30	14854874
2015-10-06	-0.011981	116.71	117.66	116.28	116.92	21568111
2015-10-05	0.033882	120.67	121.30	118.38	119.97	95038632
2015-10-02	0.029704	124.25	124.85	123.79	124.44	88418554
2015-10-01	0.004429	124.80	125.87	123.74	125.09	46307119
2015-09-30	0.021879	127.53	128.51	127.08	127.48	42698976
2015-09-29	0.015714	129.54	132.46	128.31	129.10	7040634
2015-09-28	0.010866	130.94	131.39	130.41	130.65	83343653
2015-09-25	-0.024792	127.70	128.29	126.76	127.97	75786237
2015-09-24	0.003559	128.15	128.68	127.48	128.57	35046361
2015-09-23	-0.019381	125.67	125.81	124.97	125.60	46875749
2015-09-22	-0.045310	119.97	121.24	118.80	119.69	5165715
2015-09-21	-0.005008	119.37	119.75	119.35	118.79	46384495
2015-09-18	-0.016996	117.34	117.42	115.97	118.08	48241321
2015-09-17	0.023479	120.10	121.93	117.37	120.27	21338020
2015-09-16	-0.015587	118.23	118.84	117.15	118.22	41899696
2015-09-15	-0.015175	116.43	117.58	115.61	116.23	80914700
2015-09-14	-0.007744	115.53	116.51	114.61	115.90	35411969
2015-09-11	-0.021239	113.08	114.65	112.61	112.37	98693097
2015-09-10	0.045057	118.17	119.18	117.64	117.12	66989141
2015-09-09	-0.000583	118.10	119.12	117.64	117.58	93499880
2015-09-08	0.033117	122.01	124.12	122.01	121.41	52991039
2015-09-07	0.029260	125.58	125.68	124.74	125.93	13135754
2015-09-04	-0.042526	120.24	120.82	119.74	120.20	87930005
2015-09-03	-0.038804	115.58	115.63	115.07	116.57	96040626
2015-09-02	0.013245	117.11	117.26	116.44	116.25	15527482
2015-09-01	-0.035142	112.99	113.26	112.18	113.10	11965325
2015-08-31	-0.001810	112.79	113.44	112.00	113.67	18152291
2015-08-28	0.026332	115.76	115.90	114.26	116.50	5367401
2015-08-27	0.005412	116.39	116.84	115.65	116.43	24946138
2015-08-26	0.014525	118.08	118.26	117.66	118.31	2777321
2015-08-25	0.008176	119.04	119.87	117.93	119.66	40314915
2015-08-24	0.030366	122.66	123.33	122.01	122.33	7670356
2015-08-21	-0.012249	121.15	122.46	121.07	121.28	38832229
2015-08-20	-0.017880	118.99	120.27	117.13	119.38	16137186
2015-08-19	-0.044556	113.69	113.80	112.12	113.21	74687307
2015-08-18	-0.003249	113.32	115.06	112.94	113.35	95339934
2015-08-17	-0.055047	107.08	108.56	105.18	106.57	38806380
2015-08-14	-0.014558	105.52	107.04	105.00	105.06	94365935
2015-08-13	-0.029558	102.40	103.56	100.57	103.13	89349352
2015-08-12	0.038806	106.37	106.89	106.33	105.70	56912646
2015-08-11	0.007236	107.14	107.80	105.94	107.74	16925645
2015-08-10	-0.019400	105.07	105.92	102.46	104.65	57131841
2015-08-07	0.000299	105.10	105.29	104.20	104.19	96285552
2015-08-06	-0.001704	104.92	106.35	103.97	104.63	33498913
2015-08-05	0.036563	108.75	109.60	106.92	109.27	18857952
2015-08-04	0.003730	109.16	109.20	108.04	108.93	35092070
2015-08-03	-0.004545	108.66	108.91	107.73	107.75	13410610
2015-07-31	0.003214	109.01	109.14	108.51	109.43	18440603
2015-07-30	-0.005327	108.43	110.39	107.62	108.20	92735746
2015-07-29	-0.004122	107.99	108.08	106.96	107.77	97208606
2015-07-28	-0.003154	107.64	108.00	107.38	107.24	86254997
2015-07-27	-0.008494	106.73	106.81	105.97	106.48	6935927
2015-07-24	-0.013255	105.32	106.46	105.00	104.19	37718027
2015-07-23	-0.015626	103.67	104.60	102.73	103.25	48333932
2015-07-22	-0.026324	100.94	100.96	100.17	101.05	3655978
2015-07-21	0.016396	102.60	102.61	102.56	102.10	83013853
2015-07-20	0.002732	102.88	103.06	101.98	102.17	39092413
2015-07-17	0.005630	103.46	104.33	102.36	103.42	1546108
2015-07-16	0.028391	106.39	106.65	106.33	107.66	77568753
2015-07-15	-0.010029	105.33	105.45	105.13	105.18	25706109
2015-07-14	0.025626	108.03	108.27	106.76	108.69	41529675
2015-07-13	0.002508	108.30	108.46	108.21	108.26	92522993
2015-07-10	0.010629	109.45	111.48	107.63	109.04	88848580
2015-07-09	0.004771	109.97	111.32	109.66	110.52	32773960
2015-07-08	-0.008523	109.03	109.98	107.31	108.97	31096786
2015-07-07	-0.035932	105.11	106.10	104.04	104.64	92717326
2015-07-06	-0.021988	102.80	104.04	102.21	102.87	68587684
2015-07-03	0.000449	102.85	102.94	102.48	102.84	35054899
2015-07-02	0.009767	103.85	104.98	101.57	104.29	29630978
2015-07-01	0.011305	105.03	105.44	104.93	104.41	43148191
2015-06-30	-0.021773	102.74	103.57	101.09	102.71	32118668
2015-06-29	0.009481	103.72	104.84	103.51	102.32	53068502
2015-06-26	0.014383	105.21	106.17	103.31	105.61	40026817
2015-06-25	0.022434	107.57	107.96	106.83	108.13	4494235
2015-06-24	-0.002831	107.26	107.79	106.87	107.39	34439900
2015-06-23	-0.005727	106.65	107.89	106.18	107.48	46590795
2015-06-22	-0.009551	105.63	105.66	104.28	104.78	24058103
2015-06-19	0.046591	110.55	111.93	108.75	110.28	14821662
2015-06-18	0.023334	113.13	113.71	112.57	113.04	37471059
2015-06-17	0.013995	114.71	116.36	112.93	114.86	30318761
2015-06-16	0.002626	115.02	115.53	112.85	113.62	44664593
2015-06-15	-0.012007	113.63	115.43	111.73	114.02	70347163
2015-06-12	-0.002978	113.30	113.90	112.35	113.47	2849900
2015-06-11	0.011970	114.65	116.15	112.45	115.00	43925911
2015-06-10	0.024633	117.48	119.50	117.29	117.25	57914794
2015-06-09	0.008747	118.50	119.14	117.95	118.37	1309515
2015-06-08	-0.011457	117.15	117.15	114.72	116.69	5678245
2015-06-05	-0.009406	116.04	118.49	113.20	116.63	43978053
2015-06-04	0.030052	119.53	119.70	117.23	119.12	43481763
2015-06-03	0.000730	119.62	119.76	119.37	120.17	25136699
2015-06-02	0.004567	120.17	120.26	120.11	120.12	48092602
2015-06-01	-0.014592	118.41	119.23	117.14	117.43	91644604
2015-05-29	-0.030409	114.81	116.08	114.76	114.32	67032239
2015-05-28	-0.017859	112.76	113.05	112.15	112.63	91991862
2015-05-27	-0.021185	110.37	111.53	108.67	109.86	85211287
2015-05-26	0.000388	110.41	112.29	109.88	111.24	34958785
2015-05-25	-0.002473	110.14	110.98	108.61	109.04	59841542
2015-05-22	0.015153	111.81	112.31	111.12	112.53	10437623
2015-05-21	-0.022611	109.28	109.62	109.21	108.85	50846755
2015-05-20	-0.014475	107.70	107.90	106.40	108.23	16270934
2015-05-19	0.013451	109.15	109.71	108.03	110.21	81037839
2015-05-18	-0.017170	107.27	108.07	106.65	108.18	50756176
2015-05-15	-0.008784	106.33	106.90	104.11	107.84	39902362
2015-05-14	0.031801	109.71	111.45	109.14	109.68	84246548
2015-05-13	0.004699	110.23	110.47	110.12	109.43	18632025
2015-05-12	-0.010089	109.12	110.53	108.78	108.24	38827795
2015-05-11	0.029237	112.31	113.09	112.04	111.61	87284902
2015-05-08	-0.007397	111.48	111.81	111.07	111.51	52644805
2015-05-07	-0.024385	108.76	109.33	107.20	109.08	98953963
2015-05-06	-0.006679	108.03	108.78	107.58	107.61	6150598
2015-05-05	0.005775	108.66	110.19	108.40	109.25	97634150
2015-05-04	0.028444	111.75	111.86	111.63	112.51	9274970
2015-05-01	0.006140	112.43	113.24	111.24	112.60	48978760
2015-04-30	0.029737	115.78	117.17	114.93	116.01	32203709
2015-04-29	0.010406	116.98	118.05	116.68	117.63	3529269
2015-04-28	0.014361	118.66	118.78	117.22	119.14	17169223
2015-04-27	-0.006889	117.84	117.87	116.56	117.61	96688341
2015-04-24	-0.013848	116.21	116.64	115.27	115.43	24565592
2015-04-23	-0.023237	113.51	114.16	113.37	113.16	83611939
2015-04-22	-0.004645	112.98	113.42	112.80	112.68	50562611
2015-04-21	-0.000666	112.91	113.14	112.00	112.68	33327447
2015-04-20	-0.014984	111.22	111.25	109.25	111.05	99532156
2015-04-17	0.019622	113.40	114.09	112.88	113.44	45484316
2015-04-16	-0.004486	112.89	113.04	112.50	112.82	37317518
2015-04-15	0.008822	113.89	114.11	113.81	114.79	45978308
2015-04-14	0.040878	118.54	119.58	118.00	117.65	42347901
2015-04-13	-0.002981	118.19	119.99	117.71	118.09	50817590
2015-04-10	0.014249	119.87	119.98	119.06	119.97	60487977
2015-04-09	-0.039999	115.08	116.19	114.92	114.94	50297057
2015-04-08	-0.001211	114.94	116.62	114.81	114.68	26471584
2015-04-07	-0.003798	114.50	114.98	114.13	115.39	42751689
2015-04-06	0.001022	114.62	116.86	111.66	114.27	99796740
2015-04-03	0.007810	115.51	116.96	114.76	115.48	49832652
2015-04-02	0.032821	119.31	120.59	118.48	119.20	9423758
2015-04-01	0.016170	121.23	121.26	119.32	121.50	1514126
2015-03-31	0.010787	122.54	123.01	121.01	123.35	41424941
2015-03-30	-0.021494	119.91	120.22	119.27	120.76	77946155
2015-03-27	0.000020	119.91	120.84	118.79	119.65	26405464
2015-03-26	-0.002623	119.60	119.70	119.33	119.73	48416660
2015-03-25	-0.014595	117.85	118.20	116.95	117.35	76488551
2015-03-24	-0.000517	117.79	119.83	117.51	118.35	86317720
2015-03-23	-0.009641	116.65	117.62	115.17	116.88	8003508
2015-03-20	-0.002170	116.40	116.87	116.09	116.11	68521986
2015-03-19	0.012081	117.81	118.50	116.37	117.54	97301534
2015-03-18	-0.010406	116.58	117.87	116.14	115.76	2345834
2015-03-17	0.005089	117.17	117.51	115.26	117.93	26113946
2015-03-16	0.000381	117.22	117.54	115.98	117.09	98328017
2015-03-13	0.014192	118.88	118.92	118.62	118.82	51720890
2015-03-12	0.013546	120.49	120.88	118.91	120.96	76433457
2015-03-11	0.005470	121.15	121.57	120.53	120.68	66183669
2015-03-10	-0.009383	120.02	120.89	119.56	119.78	62545035
2015-03-09	-0.012437	118.52	119.53	118.47	118.04	24525993
2015-03-06	-0.001097	118.39	119.25	118.10	118.20	85711621
2015-03-05	0.005880	119.09	120.63	117.90	119.74	38280036
2015-03-04	0.020503	121.53	123.83	120.42	122.27	60814447
2015-03-03	0.023476	124.38	125.29	122.50	124.78	34416387
2015-03-02	-0.028597	120.83	121.49	120.53	121.07	56589851
2015-02-27	0.019441	123.18	124.15	122.36	123.36	88726158
2015-02-26	-0.002278	122.90	123.36	122.73	123.16	12001672
2015-02-25	-0.023338	120.03	120.92	119.60	119.84	36501232
2015-02-24	0.002123	120.28	120.30	119.46	120.12	13544109
2015-02-23	-0.003724	119.83	120.18	119.49	119.02	13405997
2015-02-20	-0.003326	119.44	120.42	119.35	120.16	83981207
2015-02-19	-0.005337	118.80	118.82	118.35	118.15	37628371
2015-02-18	-0.012116	117.36	118.04	117.24	116.95	59844163
2015-02-17	-0.044769	112.10	112.77	111.67	111.75	33038883
2015-02-16	-0.005603	111.48	114.15	110.22	112.27	74803562
2015-02-13	-0.017622	109.51	110.60	109.48	109.07	28935056
2015-02-12	-0.040015	105.13	106.47	103.72	104.71	2226335
2015-02-11	-0.026059	102.39	102.60	101.76	102.46	31558830
2015-02-10	0.028360	105.29	106.05	104.52	104.99	90361689
2015-02-09	-0.013275	103.90	104.52	103.79	103.81	60982632
2015-02-06	0.005351	104.45	105.14	103.04	104.55	45224865
2015-02-05	-0.013065	103.09	105.78	102.91	102.37	62486415
2015-02-04	0.025276	105.69	105.96	104.16	106.29	17969491
2015-02-03	0.027369	108.59	109.51	107.74	109.34	14920444
2015-02-02	0.010450	109.72	109.89	109.37	109.86	81264906
2015-01-30	0.031136	113.14	113.30	112.37	113.45	9952457
2015-01-29	0.003452	113.53	113.87	113.41	112.71	83571193
2015-01-28	-0.016831	111.62	112.79	111.43	111.17	50592917
2015-01-27	0.039432	116.02	117.78	115.68	115.85	80725159
2015-01-26	0.005617	116.67	117.02	116.49	116.37	58760624
2015-01-23	-0.006549	115.91	116.17	115.28	115.00	94809081
2015-01-22	0.014162	117.55	119.73	116.55	118.17	79750122
2015-01-21	0.013401	119.12	119.98	118.76	118.95	59835693
2015-01-20	0.016777	121.12	122.86	119.59	121.77	20792544
2015-01-19	0.013177	122.72	123.38	122.55	122.98	22138412
2015-01-16	-0.013602	121.05	121.32	120.50	119.98	44561324
2015-01-15	0.002801	121.39	122.25	119.52	121.60	3862821
2015-01-14	0.007595	122.31	123.24	122.18	121.85	1068333
2015-01-13	0.044255	127.72	127.99	126.56	127.47	33955961
2015-01-12	0.002329	128.02	128.19	127.80	128.38	44745571
2015-01-09	0.014210	129.84	130.11	129.56	129.27	51246308
2015-01-08	-0.021884	127.00	127.22	123.57	127.00	15907371
2015-01-07	-0.006313	126.20	128.02	125.40	126.57	2560158
2015-01-06	-0.011482	124.75	125.31	123.31	124.57	12108074
2015-01-05	-0.014444	122.94	125.33	121.36	122.93	62822803
2015-01-02	0.005254	123.59	124.29	123.12	124.85	95884915
2015-01-01	0.013299	125.23	126.72	124.31	125.76	33281086
2014-12-31	0.009506	126.42	126.60	126.16	126.39	45589498
2014-12-30	0.003695	126.89	127.40	125.79	127.00	80370317
2014-12-29	-0.005745	126.16	126.20	125.94	125.79	13171103
2014-12-26	-0.009073	125.02	127.03	124.16	124.45	73463199
2014-12-25	0.006775	125.86	126.23	124.39	124.39	80753179
2014-12-24	-0.023326	122.93	123.99	122.86	123.54	52518825
2014-12-23	-0.009339	121.78	122.95	121.70	122.71	41450651
2014-12-22	-0.048940	115.82	116.26	115.06	115.39	51764448
2014-12-19	-0.017845	113.75	114.66	113.40	113.36	74972200
2014-12-18	0.016186	115.60	116.25	114.75	117.13	15485965
2014-12-17	-0.068718	107.65	108.26	106.88	108.29	43683050
2014-12-16	0.014064	109.17	109.34	108.37	109.19	12993211
2014-12-15	-0.013577	107.68	108.62	107.10	106.97	93725271
2014-12-12	-0.036187	103.79	103.88	103.34	104.11	44675598
2014-12-11	-0.020174	101.69	104.22	101.32	101.77	99298783
2014-12-10	0.041432	105.91	107.39	105.53	105.98	92873063
2014-12-09	-0.006757	105.19	105.32	104.33	105.50	73723780
2014-12-08	0.000885	105.28	106.71	104.58	105.84	58848968
2014-12-05	-0.005434	104.71	106.44	103.63	104.98	31173918
2014-12-04	-0.008284	103.84	104.10	103.78	102.94	1418917
2014-12-03	0.038689	107.86	108.13	107.30	107.12	11532511
2014-12-02	0.064674	114.84	115.48	112.00	115.15	58090768
2014-12-01	-0.007147	114.02	115.29	113.12	114.05	66631243
2014-11-28	0.011065	115.28	115.94	113.53	116.24	14608529
2014-11-27	0.020967	117.70	118.42	115.87	118.34	83997027
2014-11-26	0.020818	120.15	120.20	118.13	119.92	7492596
2014-11-25	0.000627	120.22	120.33	118.65	119.63	64281687
2014-11-24	0.027759	123.56	124.81	121.85	123.29	78978609
2014-11-21	-0.029366	119.93	120.83	119.27	119.01	44042524
2014-11-20	0.032001	123.77	124.82	122.88	124.41	93432481
2014-11-19	0.020032	126.25	126.90	125.57	125.55	78965605
2014-11-18	0.047624	132.26	132.32	132.24	132.97	87614895
2014-11-17	0.025967	135.69	137.08	132.77	134.74	4886649
2014-11-14	-0.002100	135.41	136.62	134.43	134.47	36100662
2014-11-13	0.009323	136.67	138.15	136.57	136.86	78057338
2014-11-12	0.002414	137.00	137.46	136.59	136.59	24086827
2014-11-11	-0.002867	136.61	139.38	135.72	136.97	66909748
2014-11-10	-0.017177	134.26	135.46	131.89	134.24	17126742
2014-11-07	-0.013242	132.48	133.16	131.08	132.50	99415856
2014-11-06	-0.025408	129.12	131.93	128.43	129.20	55439657
2014-11-05	-0.006908	128.23	129.44	127.74	129.68	42799260
2014-11-04	-0.002422	127.92	129.27	126.85	128.20	66233019
2014-11-03	-0.020771	125.26	125.51	124.86	125.16	44438378
2014-10-31	-0.007029	124.38	125.79	122.29	124.07	56826738
2014-10-30	0.053981	131.09	131.72	129.10	129.99	88278937
2014-10-29	0.003567	131.56	132.61	130.47	132.21	46569844
2014-10-28	0.007052	132.49	133.50	131.70	133.42	69445293
2014-10-27	-0.026220	129.01	129.25	128.53	129.25	64808117
2014-10-24	0.039674	134.13	135.34	133.25	133.26	65359632
2014-10-23	0.011279	135.64	136.56	135.08	135.05	25374022
2014-10-22	0.013612	137.49	141.22	133.62	136.56	30964900
2014-10-21	-0.007207	136.50	136.84	134.61	136.62	3961860
2014-10-20	-0.026583	132.87	134.45	132.06	132.09	15291249
2014-10-17	-0.000513	132.80	133.53	132.17	133.00	61293413
2014-10-16	-0.003628	132.32	134.40	132.20	131.66	78624356
2014-10-15	-0.010898	130.88	130.90	129.91	130.53	87590942
2014-10-14	0.007749	131.89	133.83	131.08	130.81	41561262
2014-10-13	-0.028956	128.08	131.34	127.90	128.45	89398788
2014-10-10	0.001338	128.25	128.84	127.99	128.89	59468575
2014-10-09	-0.013342	126.54	126.92	126.44	127.15	26368522
2014-10-08	0.001379	126.71	127.90	126.40	127.47	80192601
2014-10-07	0.012884	128.34	130.60	127.86	128.03	51389835
2014-10-06	0.017855	130.63	133.32	130.41	131.17	24937184
2014-10-03	-0.002838	130.26	131.96	129.55	129.79	53858065
2014-10-02	0.015457	132.28	133.86	131.68	133.79	30516479
2014-10-01	-0.021894	129.38	129.75	128.66	129.78	92286105
2014-09-30	0.020289	132.01	134.29	131.70	131.28	96118450
2014-09-29	-0.017054	129.75	130.52	129.12	129.53	61077349
2014-09-26	-0.003704	129.27	132.01	128.69	129.20	50070209
2014-09-25	0.021317	132.03	132.80	131.38	132.16	4452391
2014-09-24	0.003845	132.54	133.48	132.24	132.49	24217112
2014-09-23	-0.028422	128.77	129.61	126.04	128.89	63317390
2014-09-22	0.030503	132.70	133.03	131.54	132.50	58150995
2014-09-19	0.015115	134.70	137.06	134.43	134.49	17232891
2014-09-18	0.030545	138.82	138.93	138.65	138.76	93737027
2014-09-17	0.009471	140.13	142.10	139.15	140.91	93200386
2014-09-16	-0.019225	137.44	138.11	137.25	136.21	63449538
2014-09-15	-0.034009	132.76	134.31	132.60	133.63	61659675
2014-09-12	-0.033465	128.32	128.75	125.28	128.16	1778769
2014-09-11	0.016083	130.39	130.81	129.96	130.12	97467252
2014-09-10	0.008595	131.51	134.62	131.43	131.18	13078331
2014-09-09	-0.001143	131.36	133.32	130.39	130.81	98753517
2014-09-08	-0.023666	128.25	128.32	126.03	128.35	96916134
2014-09-05	-0.000365	128.20	128.25	127.39	127.53	3406596
2014-09-04	-0.016031	126.15	127.89	125.57	126.97	75672398
2014-09-03	0.020241	128.70	129.45	127.30	128.66	13674554
2014-09-02	-0.021520	125.93	126.47	125.12	125.81	12880645
2014-09-01	0.015980	127.94	128.02	125.74	127.01	88461088
2014-08-29	0.001615	128.15	128.94	128.08	128.04	57872757
2014-08-28	-0.007027	127.25	129.10	126.93	127.74	41285703
2014-08-27	0.004389	127.81	127.96	127.11	127.66	97623426
2014-08-26	0.004226	128.35	130.27	128.21	128.90	25792066
2014-08-25	0.041019	133.61	134.23	131.46	133.22	4083025
2014-08-22	0.012855	135.33	136.48	135.02	135.11	20066087
2014-08-21	-0.032003	131.00	131.62	130.22	131.42	73842351
2014-08-20	-0.025690	127.63	129.33	125.96	127.43	1159196
2014-08-19	-0.015420	125.66	126.08	123.66	125.76	74218557
2014-08-18	0.013547	127.37	128.96	126.33	128.22	59718962
2014-08-15	-0.013690	125.62	128.27	125.55	125.28	22237170
2014-08-14	-0.022954	122.74	123.93	121.58	122.06	10562639
2014-08-13	-0.004364	122.20	123.80	121.98	123.04	62339586
2014-08-12	0.022596	124.96	127.45	123.23	124.28	42924004
2014-08-11	-0.003815	124.49	126.71	124.49	124.93	15402330
2014-08-08	0.012836	126.09	126.49	125.24	125.53	53239586
2014-08-07	0.013511	127.79	129.27	126.98	128.07	95224042
2014-08-06	-0.016892	125.63	125.74	124.66	124.91	18078858
2014-08-05	-0.015141	123.73	125.29	123.34	123.34	28886199
2014-08-04	0.022616	126.53	127.64	125.37	127.46	8945986
2014-08-01	0.031603	130.53	131.17	128.28	131.23	9031331
2014-07-31	-0.007238	129.58	130.93	129.41	129.83	40005338
2014-07-30	0.002080	129.85	131.65	128.32	129.33	86028372
2014-07-29	0.022306	132.75	133.97	132.42	133.12	96678365
2014-07-28	0.005750	133.51	136.20	133.42	134.16	28561018
2014-07-25	-0.033042	129.10	129.16	128.05	129.58	94858311
2014-07-24	0.030076	132.98	135.98	132.51	133.31	64427846
2014-07-23	0.043545	138.77	139.65	138.66	138.46	98183664
2014-07-22	0.020070	141.56	141.90	139.42	141.44	44247007
2014-07-21	0.002125	141.86	144.25	139.83	141.92	35665599
2014-07-18	-0.011434	140.24	141.28	140.08	139.50	40708351
2014-07-17	-0.002783	139.85	140.38	138.27	138.84	50855419
2014-07-16	-0.001327	139.66	140.12	139.37	140.15	31306174
2014-07-15	0.011877	141.32	142.35	140.44	141.72	64358296
2014-07-14	-0.030217	137.05	137.65	136.58	137.60	90025581
2014-07-11	-0.006362	136.18	136.25	133.76	135.96	13057186
2014-07-10	0.051021	143.12	143.45	142.90	142.87	93800573
2014-07-09	-0.047627	136.31	136.65	135.35	135.78	10257173
2014-07-08	-0.032093	131.93	134.14	131.71	131.91	41237875
2014-07-07	0.013452	133.71	135.05	133.51	133.28	66654856
2014-07-04	-0.015574	131.63	133.06	129.32	131.46	84677029
2014-07-03	0.007967	132.67	134.51	132.42	133.04	5241797
2014-07-02	0.001689	132.90	132.98	132.57	133.16	55295785
2014-07-01	-0.013525	131.10	132.83	130.76	130.86	40333811
2014-06-30	-0.008810	129.95	131.67	128.74	129.82	96218203
2014-06-27	-0.002053	129.68	130.14	129.05	128.70	95347647
2014-06-26	-0.045224	123.81	124.06	122.96	123.53	20969505
2014-06-25	-0.015856	121.85	123.04	119.39	122.38	56038963
2014-06-24	-0.010500	120.57	121.61	119.51	120.73	70581840
2014-06-23	0.003042	120.94	121.47	120.41	120.06	80041361
2014-06-20	0.003911	121.41	123.62	120.95	120.86	87058703
2014-06-19	-0.016063	119.46	119.92	117.42	119.64	77776933
2014-06-18	0.001404	119.63	120.20	118.23	120.08	97873172
2014-06-17	-0.017666	117.52	118.81	117.16	118.05	83979340
2014-06-16	-0.003484	117.11	118.98	116.91	116.45	5479877
2014-06-13	-0.013675	115.50	115.94	115.49	115.66	21858388
2014-06-12	-0.026814	112.41	114.26	110.55	112.66	87325733
2014-06-11	-0.000914	112.31	113.20	112.09	112.41	96370958
2014-06-10	-0.017148	110.38	111.24	110.26	110.38	76491381
2014-06-09	0.034384	114.17	115.29	113.78	114.54	15941946
2014-06-06	-0.016226	112.32	113.07	110.30	112.39	63822927
2014-06-05	0.022562	114.86	116.57	114.59	114.13	60367506
2014-06-04	0.006889	115.65	115.78	114.26	116.23	24226495
2014-06-03	0.015001	117.38	117.43	116.72	116.90	62755375
2014-06-02	0.010231	118.58	118.76	117.23	117.82	36150687
2014-05-30	-0.006302	117.84	118.36	115.80	118.59	8732858
2014-05-29	0.018043	119.96	121.11	119.37	120.82	55535655
2014-05-28	-0.018204	117.78	119.93	115.63	118.38	7226758
2014-05-27	0.041590	122.68	123.64	121.60	122.82	45769479
2014-05-26	-0.001906	122.44	123.01	121.16	122.30	75358963
2014-05-23	-0.009330	121.30	121.50	120.46	120.74	45330557
2014-05-22	-0.026194	118.12	118.79	116.47	117.34	86704166
2014-05-21	-0.005908	117.43	120.21	116.89	116.50	69108271
2014-05-20	0.000594	117.49	118.85	117.35	118.62	51729837
2014-05-19	-0.013331	115.93	117.90	114.83	116.27	89161298
2014-05-16	0.010029	117.09	117.30	116.28	117.59	78580801
2014-05-15	-0.013963	115.46	116.27	115.14	114.82	97987389
2014-05-14	0.002143	115.70	116.07	114.49	115.75	60664365
2014-05-13	-0.019164	113.49	113.90	112.31	113.94	32157834
2014-05-12	-0.008718	112.50	112.78	111.66	112.95	40144662
2014-05-09	0.023915	115.19	115.50	113.90	114.95	19156318
2014-05-08	0.024975	118.06	118.31	116.41	118.41	58300379
2014-05-07	0.042208	123.05	123.61	121.38	123.66	23569921
2014-05-06	-0.014664	121.24	121.79	120.77	121.88	41949922
2014-05-05	-0.017474	119.12	119.31	118.87	118.59	66931352
2014-05-02	0.008983	120.19	121.18	119.83	120.46	90951235
2014-05-01	-0.005511	119.53	120.24	119.24	120.08	67876442
2014-04-30	0.037670	124.04	124.12	123.69	123.87	23657311
2014-04-29	0.042293	129.28	130.68	129.09	128.27	19187963
2014-04-28	0.026045	132.65	134.48	129.84	133.08	84022922
2014-04-25	0.013661	134.46	135.19	134.19	133.72	90082922
2014-04-24	-0.015269	132.41	134.89	131.99	132.69	15586935
2014-04-23	0.008670	133.56	134.88	132.90	133.32	22949819
2014-04-22	0.018791	136.06	139.52	133.14	135.57	49923182
2014-04-21	-0.011363	134.52	136.86	131.69	134.72	50652324
2014-04-18	-0.012394	132.85	133.24	131.18	133.66	6668858
2014-04-17	0.009305	134.09	134.91	133.32	134.31	46752849
2014-04-16	0.013872	135.95	138.54	134.21	135.52	23302757
2014-04-15	0.000097	135.96	136.05	135.52	134.99	74487459
2014-04-14	-0.013790	134.09	135.82	133.33	134.34	43297100
2014-04-11	-0.002842	133.70	134.56	131.45	132.21	57900968
2014-04-10	-0.009997	132.37	132.39	131.64	133.52	83703402
2014-04-09	-0.020589	129.64	130.92	125.82	130.02	79877655
2014-04-08	0.028527	133.34	133.47	132.61	132.86	37443164
2014-04-07	-0.025631	129.92	131.71	129.34	130.22	67083457
2014-04-04	-0.022751	126.97	127.84	126.48	126.38	52389133
2014-04-03	0.002548	127.29	129.03	125.85	127.28	37435070
2014-04-02	-0.015977	125.26	128.24	123.20	124.47	11016119
2014-04-01	-0.006172	124.48	125.38	124.19	124.85	38029235
2014-03-31	-0.004254	123.95	125.56	123.46	124.04	82925169
2014-03-28	0.012253	125.47	126.16	125.34	125.20	49217302
2014-03-27	0.007508	126.42	126.59	125.45	126.15	82667785
2014-03-26	-0.003767	125.94	126.45	125.22	126.33	10848341
2014-03-25	0.012493	127.51	127.70	126.57	127.09	78841480
2014-03-24	-0.007764	126.52	126.62	126.27	126.22	94138849
2014-03-21	-0.059483	119.00	119.50	117.33	119.47	93739944
2014-03-20	-0.021837	116.40	117.71	115.21	116.24	48996845
2014-03-19	0.036630	120.66	120.84	118.72	121.02	34731915
2014-03-18	0.001590	120.85	121.84	120.25	120.69	58313351
2014-03-17	-0.038788	116.17	116.28	114.84	115.80	29262811
2014-03-14	-0.055001	109.78	110.09	108.13	109.93	95001814
2014-03-13	-0.010431	108.63	108.89	108.57	108.82	64814755
2014-03-12	-0.014963	107.01	107.28	106.78	106.99	65190247
2014-03-11	0.008628	107.93	108.69	106.51	108.33	11218218
2014-03-10	0.000433	107.98	108.66	107.80	107.97	67760590
2014-03-07	-0.009068	107.00	108.85	106.72	107.11	40844674
2014-03-06	0.013758	108.47	109.31	108.09	107.62	85743180
2014-03-05	0.000349	108.51	109.27	107.25	108.09	72276579
2014-03-04	0.012866	109.90	110.75	107.54	109.58	81206692
2014-03-03	0.007745	110.75	111.61	110.74	111.04	38724083
2014-02-28	-0.050995	105.11	105.47	104.13	104.27	45265131
2014-02-27	0.004819	105.61	106.60	104.62	104.60	83880940
2014-02-26	-0.011547	104.39	104.59	104.34	103.99	97977384
2014-02-25	0.037055	108.26	109.69	107.26	108.06	88675888
2014-02-24	0.010387	109.39	109.84	109.15	108.48	30575628
2014-02-21	-0.015283	107.71	108.24	106.29	107.53	84001641
2014-02-20	-0.008340	106.82	107.04	106.25	106.50	32405668
2014-02-19	-0.007057	106.06	106.12	105.71	105.74	69522236
2014-02-18	0.051749	111.55	111.55	110.31	111.91	93816807
2014-02-17	-0.018497	109.49	109.65	109.45	109.90	89752645
2014-02-14	-0.024092	106.85	107.44	106.03	106.78	55555519
2014-02-13	-0.003967	106.43	108.63	105.15	106.12	4566512
2014-02-12	-0.034447	102.76	104.21	102.73	103.15	54260735
2014-02-11	-0.014805	101.24	102.02	100.67	100.85	67095851
2014-02-10	-0.051976	95.98	96.17	93.30	95.52	21717850
2014-02-07	0.019995	97.90	99.13	97.27	98.66	31751930
2014-02-06	0.031930	101.02	102.02	100.76	100.66	61595738
2014-02-05	-0.030857	97.90	98.02	97.59	98.46	63358886
2014-02-04	0.008132	98.70	99.15	97.87	99.10	2864122
2014-02-03	0.002140	98.91	99.98	98.42	98.98	4549051
2014-01-31	-0.028939	96.05	97.17	94.84	96.60	63779572
2014-01-30	-0.022433	93.89	94.93	93.58	93.48	53204965
2014-01-29	0.008029	94.65	95.30	94.45	95.34	49871156
2014-01-28	0.011633	95.75	95.93	94.05	96.23	49028019
2014-01-27	-0.019814	93.85	94.68	93.61	94.03	76943114
2014-01-24	-0.025758	91.43	91.63	90.74	91.09	21239786
2014-01-23	0.032261	94.38	94.39	94.06	95.10	14156240
2014-01-22	0.028459	97.07	97.86	95.10	96.80	27312399
2014-01-21	-0.019441	95.18	96.24	94.87	95.78	87234668
2014-01-20	0.008449	95.99	96.03	94.90	96.48	76129765
2014-01-17	-0.023912	93.69	93.78	93.25	93.91	51272232
2014-01-16	0.002066	93.89	96.66	93.87	93.72	13688088
2014-01-15	-0.022864	91.74	92.31	91.25	91.17	13109226
2014-01-14	0.030042	94.50	95.20	94.22	94.62	54537822
2014-01-13	-0.010795	93.48	94.69	93.42	93.75	84577642
2014-01-10	-0.032347	90.45	92.21	90.38	90.37	45069204
2014-01-09	-0.007368	89.79	89.95	89.78	89.03	32319382
2014-01-08	0.001689	89.94	89.96	89.87	89.79	35689581
2014-01-07	0.000657	90.00	90.46	89.04	89.97	83155163
2014-01-06	0.000456	90.04	92.53	89.38	90.07	82319426
2014-01-03	0.011570	91.08	92.37	90.99	90.72	40301573
2014-01-02	0.023416	93.21	93.56	92.23	92.29	10327995
