2016-01-01	0.012420	246.33	247.70	245.97	247.08	65380158
2015-12-31	-0.027353	239.60	239.65	238.38	240.40	33265759
2015-12-30	0.012511	242.59	242.75	239.44	243.58	92043385
2015-12-29	-0.030160	235.28	238.29	234.56	234.10	68543656
2015-12-28	-0.020156	230.54	232.71	229.29	229.56	67227308
2015-12-25	0.009094	232.63	234.16	231.33	233.08	34694243
2015-12-24	0.022477	237.86	239.82	237.50	236.08	9807766
2015-12-23	0.005841	239.25	241.86	236.55	239.71	76536763
2015-12-22	0.008644	241.32	241.72	240.64	240.56	68863969
2015-12-21	0.014029	244.70	245.89	244.48	243.31	70825357
2015-12-18	0.014753	248.31	248.49	247.86	248.41	86156476
2015-12-17	-0.030798	240.67	241.14	239.40	240.10	74346886
2015-12-16	-0.013499	237.42	239.43	232.97	239.30	22604372
2015-12-15	0.003579	238.27	238.69	236.11	236.63	73391948
2015-12-14	-0.026615	231.93	232.66	230.10	231.60	28933371
2015-12-11	-0.012547	229.02	230.90	228.88	227.26	21480956
2015-12-10	0.008347	230.93	232.04	229.79	230.22	81831759
2015-12-09	0.026859	237.13	238.21	234.23	238.40	30377014
2015-12-08	-0.014170	233.77	235.90	231.44	232.88	42420902
2015-12-07	0.023424	239.25	239.90	237.96	237.43	67316816
2015-12-04	0.013425	242.46	244.58	242.31	240.43	92728892
2015-12-03	0.015011	246.10	249.80	242.20	243.84	18150136
2015-12-02	-0.034532	237.60	240.63	232.30	237.70	50067030
2015-12-01	-0.007483	235.82	237.76	233.34	234.66	19370790
2015-11-30	0.008389	237.80	238.44	236.51	236.99	17616748
2015-11-27	0.005666	239.15	240.23	237.20	240.14	64112938
2015-11-26	-0.043708	228.69	230.03	225.38	227.59	66898046
2015-11-25	-0.024250	223.15	224.68	222.82	222.15	6945491
2015-11-24	0.015367	226.58	228.45	226.27	226.19	55591167
2015-11-23	-0.006593	225.08	226.16	223.43	225.79	99644276
2015-11-20	-0.025727	219.29	224.20	218.80	218.86	91007650
2015-11-19	-0.001369	218.99	220.20	217.48	219.02	65076369
2015-11-18	-0.013843	215.96	217.93	214.98	217.80	55462508
2015-11-17	0.021450	220.59	220.62	220.51	220.97	12410936
2015-11-16	0.042069	229.87	234.43	226.59	229.39	91874178
2015-11-13	-0.012945	226.90	227.57	226.40	226.09	3741243
2015-11-12	0.023500	232.23	232.66	230.08	229.83	76711750
2015-11-11	-0.006528	230.71	230.78	227.61	231.73	32040688
2015-11-10	-0.048037	219.63	220.11	218.36	220.04	40424045
2015-11-09	-0.013171	216.74	217.22	215.43	217.31	12769953
2015-11-06	0.021631	221.43	221.53	219.34	220.44	55381005
2015-11-05	0.008017	223.20	224.33	221.38	224.16	85101296
2015-11-04	-0.043821	213.42	215.51	211.38	212.41	63202580
2015-11-03	0.013803	216.37	217.31	212.79	217.21	76723946
2015-11-02	0.013828	219.36	219.74	217.87	221.57	51864036
2015-10-30	0.009333	221.41	222.13	218.41	220.98	77502633
2015-10-29	-0.001828	221.00	224.53	220.94	221.43	93936707
2015-10-28	0.021096	225.66	226.23	222.48	225.86	23858929
2015-10-27	0.050403	237.04	240.86	233.45	239.25	52490800
2015-10-26	-0.010781	234.48	235.72	234.03	233.32	51865185
2015-10-23	-0.002840	233.82	235.22	230.32	233.14	78201601
2015-10-22	-0.019699	229.21	232.98	224.61	229.06	2119749
2015-10-21	0.013523	232.31	233.81	230.38	232.19	16507321
2015-10-20	0.018331	236.57	237.57	236.03	234.86	4269263
2015-10-19	-0.017290	232.48	232.62	228.87	230.62	63871642
2015-10-16	0.033064	240.16	242.27	239.64	240.10	47761778
2015-10-15	-0.009468	237.89	240.35	236.41	237.89	44213037
2015-10-14	-0.036531	229.20	229.40	226.98	228.97	48145507
2015-10-13	0.004105	230.14	234.22	229.45	232.47	67371048
2015-10-12	-0.025047	224.38	224.75	221.39	224.75	21964714
2015-10-09	0.021294	229.15	229.57	227.40	230.13	71026302
2015-10-08	-0.011186	226.59	227.96	224.71	226.92	2657940
2015-10-07	-0.017036	222.73	223.58	220.32	222.20	93726527
2015-10-06	-0.028657	216.35	220.24	212.37	216.21	16898295
2015-10-05	-0.020936	211.82	213.77	209.95	213.41	9217750
2015-10-02	0.022975	216.69	218.36	215.80	216.14	5040474
2015-10-01	0.046269	226.71	227.98	226.52	226.78	32275607
2015-09-30	-0.028256	220.31	222.27	220.29	220.49	92800494
2015-09-29	0.028820	226.65	227.52	223.72	226.20	30714736
2015-09-28	-0.020165	222.08	225.16	220.44	222.48	7372637
2015-09-25	0.005086	223.21	225.43	222.03	224.78	86654716
2015-09-24	-0.040119	214.26	217.13	212.42	214.08	82164966
2015-09-23	0.009231	216.24	216.58	215.69	215.54	5358607
2015-09-22	0.008414	218.06	221.25	217.08	216.86	48420420
2015-09-21	0.003754	218.87	219.90	217.85	218.31	43525687
2015-09-18	0.021005	223.47	224.69	222.39	225.91	28151418
2015-09-17	-0.008690	221.53	224.57	218.69	219.33	52574066
2015-09-16	0.010801	223.92	224.79	221.17	224.74	46948244
2015-09-15	-0.017130	220.09	220.56	219.50	219.97	41985289
2015-09-14	-0.019482	215.80	216.86	213.19	214.95	8449653
2015-09-11	-0.013483	212.89	218.56	210.49	211.66	83735941
2015-09-10	0.015911	216.28	216.95	214.61	215.03	44263086
2015-09-09	0.019238	220.44	221.66	220.34	221.74	18305648
2015-09-08	-0.023445	215.27	217.11	213.60	214.55	98532322
2015-09-07	-0.004399	214.32	214.68	213.84	215.29	84212952
2015-09-04	0.011234	216.73	218.76	216.54	216.26	12314790
2015-09-03	0.014233	219.81	220.24	219.30	219.59	91844016
2015-09-02	0.018958	223.98	225.57	221.27	222.66	41519728
2015-09-01	-0.021286	219.21	221.27	218.83	219.18	63572752
2015-08-31	-0.004084	218.32	221.85	216.61	216.92	1480917
2015-08-28	-0.011023	215.91	217.61	214.72	214.29	47193147
2015-08-27	0.004675	216.92	217.28	214.10	217.96	79146617
2015-08-26	-0.015243	213.62	215.00	210.65	214.82	93425523
2015-08-25	0.015413	216.91	217.19	215.96	218.19	21405222
2015-08-24	0.012526	219.62	221.79	218.90	221.01	64651635
2015-08-21	-0.039956	210.85	212.95	209.46	211.77	80523155
2015-08-20	-0.003237	210.17	211.64	208.52	211.76	70263514
2015-08-19	-0.012493	207.54	208.72	205.35	207.85	6288580
2015-08-18	-0.002696	206.98	207.66	204.95	206.33	3451190
2015-08-17	0.043922	216.07	217.13	211.64	215.24	11094712
2015-08-14	-0.017735	212.24	213.20	208.56	214.15	69863390
2015-08-13	-0.008356	210.47	212.56	210.45	211.32	50777490
2015-08-12	0.012858	213.17	218.14	211.61	214.51	69996794
2015-08-11	0.032625	220.13	221.53	215.82	218.67	83710115
2015-08-10	-0.024448	214.75	215.94	212.49	214.36	95689851
2015-08-07	0.016746	218.34	219.56	218.30	218.24	9220668
2015-08-06	0.019748	222.65	222.77	220.53	223.12	17635918
2015-08-05	-0.025678	216.94	217.35	216.86	217.94	69654124
2015-08-04	0.006632	218.38	220.62	217.75	217.43	29960923
2015-08-03	0.042008	227.55	230.15	225.51	227.72	95314337
2015-07-31	-0.009540	225.38	227.87	223.96	223.93	48057333
2015-07-30	-0.013861	222.25	223.39	221.62	222.09	14412086
2015-07-29	-0.010369	219.95	222.99	218.49	219.81	16219621
2015-07-28	0.005349	221.13	222.03	219.14	219.98	84048821
2015-07-27	0.004817	222.19	224.04	221.97	219.62	6430442
2015-07-24	-0.029554	215.62	217.90	215.38	215.50	83462086
2015-07-23	-0.006625	214.20	214.44	212.92	214.35	26145771
2015-07-22	-0.046626	204.21	206.15	203.46	205.24	42365202
2015-07-21	0.052679	214.97	216.54	213.69	215.21	2677771
2015-07-20	-0.001244	214.70	214.84	213.04	213.73	14934240
2015-07-17	-0.010324	212.48	212.93	211.26	213.23	17467548
2015-07-16	-0.020959	208.03	209.55	207.13	208.11	59078320
2015-07-15	-0.017279	204.43	204.67	203.21	206.15	21338808
2015-07-14	0.021433	208.82	211.47	207.78	207.96	77708694
2015-07-13	0.002410	209.32	213.78	208.44	211.00	32323465
2015-07-10	0.002423	209.83	210.01	208.11	208.68	98702027
2015-07-09	-0.018280	205.99	207.43	205.42	205.57	37167205
2015-07-08	-0.002888	205.40	205.89	204.22	202.81	57997962
2015-07-07	0.001430	205.69	206.72	202.94	206.42	44972865
2015-07-06	-0.045349	196.36	196.38	195.71	196.75	6479989
2015-07-03	0.010232	198.37	199.47	195.31	197.97	96827775
2015-07-02	-0.014357	195.52	195.56	193.96	194.84	26594126
2015-07-01	-0.018041	192.00	192.00	191.07	191.36	50764389
2015-06-30	-0.009332	190.20	193.24	189.53	189.43	38994899
2015-06-29	-0.019181	186.56	188.89	184.49	186.94	17867220
2015-06-26	-0.002888	186.02	188.95	184.89	185.07	11662506
2015-06-25	0.035171	192.56	192.82	192.29	192.58	45678508
2015-06-24	0.012625	194.99	196.10	193.65	194.26	56151098
2015-06-23	0.002507	195.48	195.64	192.89	196.43	51718263
2015-06-22	0.033997	202.13	205.30	199.66	202.44	43290859
2015-06-19	-0.011501	199.80	200.35	197.77	201.07	49744077
2015-06-18	-0.003247	199.15	200.21	198.46	199.84	26689171
2015-06-17	0.015267	202.19	202.67	201.74	201.51	46825769
2015-06-16	0.020420	206.32	206.39	205.62	206.09	24275312
2015-06-15	-0.024869	201.19	202.07	199.81	200.60	34650043
2015-06-12	0.015355	204.28	206.60	203.24	206.16	80846414
2015-06-11	-0.038706	196.37	200.95	193.08	197.09	3251170
2015-06-10	-0.014438	193.54	196.11	191.78	192.72	12388744
2015-06-09	-0.023871	188.92	189.35	188.33	188.91	79243592
2015-06-08	0.032513	195.06	198.36	193.71	194.85	12424841
2015-06-05	-0.001095	194.85	196.46	194.81	195.57	79427787
2015-06-04	-0.003948	194.08	195.94	192.19	193.53	75522221
2015-06-03	-0.022414	189.73	189.74	188.69	189.84	56918803
2015-06-02	0.035203	196.41	197.29	194.44	195.83	86680518
2015-06-01	-0.005636	195.30	197.45	193.57	195.31	57331432
2015-05-29	-0.011493	193.05	195.55	189.87	193.30	10269809
2015-05-28	0.013809	195.72	197.81	195.29	193.77	45152608
2015-05-27	-0.013915	193.00	197.50	192.23	191.54	21789426
2015-05-26	0.017852	196.44	196.75	194.67	196.04	51677396
2015-05-25	-0.023134	191.90	192.88	188.09	192.57	24439292
2015-05-22	-0.010548	189.87	193.20	189.16	189.46	81135557
2015-05-21	0.003135	190.47	192.99	189.76	189.84	46522516
2015-05-20	0.024985	195.23	196.04	194.42	194.54	51084053
2015-05-19	0.006645	196.52	196.99	195.55	196.65	13386770
2015-05-18	-0.005471	195.45	196.07	195.09	192.95	84366400
2015-05-15	0.031108	201.53	201.68	199.42	202.42	51808066
2015-05-14	-0.022451	197.00	201.13	196.76	196.74	30691828
2015-05-13	-0.010882	194.86	197.78	193.82	194.85	99541214
2015-05-12	0.036621	202.00	203.01	199.34	203.22	6121696
2015-05-11	-0.019899	197.98	200.18	197.68	198.23	58485333
2015-05-08	0.025990	203.12	203.24	201.49	204.17	76606668
2015-05-07	0.025409	208.28	209.58	206.35	208.03	77832274
2015-05-06	-0.010917	206.01	207.08	204.98	204.86	7699810
2015-05-05	-0.010870	203.77	205.34	203.35	203.87	34625375
2015-05-04	-0.043554	194.90	195.20	194.45	193.63	81005641
2015-05-01	-0.013306	192.30	194.00	191.46	192.97	34229129
2015-04-30	0.018078	195.78	197.72	193.76	195.32	29627458
2015-04-29	-0.018253	192.21	193.63	191.58	191.36	35147721
2015-04-28	0.037173	199.35	199.62	197.96	198.42	72616806
2015-04-27	-0.000385	199.27	199.44	199.20	199.54	42481988
2015-04-24	-0.034710	192.36	193.02	191.82	193.44	52522374
2015-04-23	-0.002854	191.81	193.32	191.21	192.69	7596690
2015-04-22	-0.020290	187.92	188.51	186.89	188.42	28865746
2015-04-21	0.026036	192.81	192.95	192.01	192.78	8025118
2015-04-20	0.027960	198.20	199.16	195.23	198.61	46389124
2015-04-17	-0.005826	197.04	197.93	195.48	197.19	41585967
2015-04-16	0.037390	204.41	207.13	204.35	204.22	46214790
2015-04-15	-0.041208	195.99	196.89	195.91	197.64	69046360
2015-04-14	0.069535	209.62	211.54	206.29	209.17	6346953
2015-04-13	0.000524	209.73	211.51	208.47	209.56	61640618
2015-04-10	0.028790	215.76	215.85	213.73	215.88	26335947
2015-04-09	-0.002097	215.31	216.98	213.11	216.47	77338134
2015-04-08	-0.026466	209.61	211.35	206.65	208.75	76192522
2015-04-07	-0.016098	206.24	207.39	204.80	207.15	55477416
2015-04-06	-0.010360	204.10	205.13	203.50	202.81	77389177
2015-04-03	0.029808	210.19	210.29	209.85	207.91	29379570
2015-04-02	-0.026720	204.57	204.72	203.13	204.03	92041597
2015-04-01	0.012258	207.08	209.19	205.14	207.21	92605541
2015-03-31	-0.009574	205.10	205.48	203.99	205.52	80558235
2015-03-30	-0.036389	197.63	198.22	197.22	197.49	63777072
2015-03-27	-0.006046	196.44	196.60	194.44	196.60	34273501
2015-03-26	0.014345	199.26	200.87	198.21	200.44	10000020
2015-03-25	-0.020154	195.24	195.69	191.89	197.10	8559700
2015-03-24	0.018552	198.86	200.03	197.28	198.71	32595198
2015-03-23	-0.021027	194.68	196.79	194.64	195.14	90111877
2015-03-20	0.010141	196.65	198.42	193.28	197.78	72616757
2015-03-19	0.001321	196.91	200.91	196.29	197.92	85573719
2015-03-18	0.018824	200.62	202.10	200.54	200.83	85361544
2015-03-17	0.003809	201.39	203.27	197.54	202.43	8246094
2015-03-16	0.007522	202.90	206.14	201.13	202.79	90600595
2015-03-13	-0.000739	202.75	203.77	201.99	202.96	56052913
2015-03-12	-0.015614	199.58	199.80	198.63	199.41	59922089
2015-03-11	-0.004188	198.75	200.89	196.82	199.27	21595707
2015-03-10	0.019199	202.56	203.78	199.31	202.60	49606085
2015-03-09	0.013860	205.37	206.72	204.20	205.75	17215762
2015-03-06	-0.005637	204.21	204.38	203.51	205.12	46573783
2015-03-05	0.026580	209.64	215.47	208.03	208.99	99072640
2015-03-04	0.044085	218.88	219.41	217.13	221.05	18742353
2015-03-03	0.042382	228.16	229.97	227.26	226.58	98371909
2015-03-02	-0.003007	227.47	227.55	223.42	228.46	82351566
2015-02-27	-0.009854	225.23	227.71	222.63	225.20	51503514
2015-02-26	0.026178	231.13	234.25	226.84	232.57	44237378
2015-02-25	0.011241	233.73	234.73	231.82	233.34	33321220
2015-02-24	-0.030149	226.68	228.35	225.46	228.71	41938082
2015-02-23	-0.015787	223.10	223.68	221.98	222.10	48071735
2015-02-20	-0.027137	217.05	217.81	216.73	217.19	83963493
2015-02-19	-0.015705	213.64	214.25	210.69	212.79	85708951
2015-02-18	0.018419	217.57	219.61	214.03	217.67	55663922
2015-02-17	0.013877	220.59	223.66	219.85	219.32	11595321
2015-02-16	0.019474	224.89	227.19	222.58	224.95	57573572
2015-02-13	-0.030883	217.94	219.07	216.27	219.36	76365131
2015-02-12	0.010871	220.31	221.08	218.90	219.60	51190172
2015-02-11	0.027549	226.38	229.84	223.40	226.36	63852938
2015-02-10	0.023003	231.59	232.32	230.40	233.01	71998825
2015-02-09	-0.004322	230.59	230.94	230.12	232.89	46333283
2015-02-06	0.018243	234.80	235.91	233.51	234.98	8155890
2015-02-05	0.000828	234.99	239.82	229.17	236.27	25309699
2015-02-04	0.005138	236.20	239.64	233.84	235.80	62803399
2015-02-03	0.010803	238.75	239.79	237.14	237.50	30832895
2015-02-02	-0.025078	232.76	232.94	231.15	233.00	5621233
2015-01-30	-0.001121	232.50	234.02	229.80	230.45	83484521
2015-01-29	0.014830	235.95	238.93	234.16	234.32	32537403
2015-01-28	-0.015545	232.28	233.85	231.54	232.67	6248254
2015-01-27	-0.029656	225.39	227.82	222.42	224.53	15679059
2015-01-26	-0.010752	222.97	224.09	220.42	221.05	36292788
2015-01-23	-0.026993	216.95	217.61	215.62	215.98	30077759
2015-01-22	-0.022141	212.15	213.01	211.00	210.81	25768522
2015-01-21	-0.010306	209.96	211.94	208.05	211.31	20545203
2015-01-20	-0.013471	207.13	211.01	206.90	206.20	44763079
2015-01-19	-0.007014	205.68	206.83	204.99	206.02	19797724
2015-01-16	0.007495	207.22	209.35	201.53	207.53	85310606
2015-01-15	-0.023078	202.44	203.18	201.04	205.20	33733093
2015-01-14	-0.000624	202.31	202.51	200.72	200.86	38619336
2015-01-13	-0.010254	200.24	203.44	198.12	200.69	2654687
2015-01-12	0.009658	202.17	203.82	201.29	202.98	82479651
2015-01-09	-0.000407	202.09	205.32	199.88	201.03	80612655
2015-01-08	0.013884	204.90	205.30	202.81	204.77	94533062
2015-01-07	-0.011348	202.57	202.90	199.61	201.60	55946939
2015-01-06	0.033454	209.35	210.76	206.92	211.02	28123688
2015-01-05	-0.003614	208.59	210.90	205.63	206.54	24212912
2015-01-02	0.020919	212.95	214.55	212.31	212.48	93841198
2015-01-01	-0.029395	206.69	210.11	205.42	205.75	93071319
2014-12-31	0.037783	214.50	221.48	211.52	213.79	68732330
2014-12-30	-0.032496	207.53	209.20	207.42	206.77	91235296
2014-12-29	-0.018265	203.74	204.69	203.34	203.11	36626098
2014-12-26	0.039277	211.75	215.45	207.34	211.16	78527184
2014-12-25	0.007707	213.38	213.42	211.55	215.65	34969487
2014-12-24	0.014888	216.55	217.09	213.70	215.44	30860163
2014-12-23	0.036266	224.41	224.65	221.18	223.13	13828816
2014-12-22	-0.009222	222.34	225.08	221.00	224.19	76632536
2014-12-19	0.037952	230.78	232.36	227.33	231.76	18906153
2014-12-18	0.003113	231.49	235.30	230.53	231.48	74114391
2014-12-17	0.018140	235.69	236.83	232.80	235.23	73964583
2014-12-16	0.032331	243.31	243.39	243.07	241.90	75677288
2014-12-15	0.026243	249.70	250.29	248.17	249.27	87216897
2014-12-12	-0.003085	248.93	249.96	246.77	249.44	34545132
2014-12-11	0.006606	250.57	252.46	245.83	250.58	25251377
2014-12-10	0.006135	252.11	254.86	250.98	251.11	47641552
2014-12-09	0.046631	263.87	264.14	262.61	263.89	76015070
2014-12-08	-0.016618	259.48	260.65	256.73	259.65	89509193
2014-12-05	0.034864	268.53	272.44	261.71	270.79	90436564
2014-12-04	-0.022446	262.50	266.46	262.35	262.88	68719810
2014-12-03	-0.023420	256.35	257.29	255.81	256.57	55021162
2014-12-02	-0.002444	255.73	257.00	254.70	256.79	66533522
2014-12-01	0.006955	257.51	258.79	254.04	260.27	3700088
2014-11-28	-0.009876	254.96	255.76	254.06	253.64	35991527
2014-11-27	-0.023232	249.04	250.61	247.12	249.61	17186264
2014-11-26	0.002290	249.61	253.85	244.89	250.29	91030156
2014-11-25	-0.022822	243.91	247.61	242.55	245.13	97498765
2014-11-24	-0.032830	235.91	237.71	231.76	236.88	16997288
2014-11-21	-0.021264	230.89	233.82	230.46	230.20	85246372
2014-11-20	-0.012492	228.00	228.95	223.43	229.52	32505925
2014-11-19	0.025025	233.71	236.93	230.50	232.45	99256602
2014-11-18	0.024825	239.51	243.33	237.47	239.36	51391883
2014-11-17	-0.002755	238.85	239.92	237.91	240.58	95945891
2014-11-14	0.004530	239.93	242.42	239.58	241.30	31275896
2014-11-13	-0.028078	233.20	236.43	229.83	233.59	77324686
2014-11-12	0.020903	238.07	238.95	233.68	238.15	39799520
2014-11-11	-0.009157	235.89	239.09	235.76	238.38	51429816
2014-11-10	-0.006297	234.41	236.57	233.60	235.02	1050515
2014-11-07	-0.017880	230.22	232.45	227.75	229.90	12260171
2014-11-06	0.015881	233.87	236.82	231.55	234.21	63054380
2014-11-05	0.004013	234.81	235.41	232.93	236.43	74074040
2014-11-04	-0.044269	224.42	225.83	222.56	223.10	90184447
2014-11-03	-0.007495	222.73	225.32	222.07	221.29	87503290
2014-10-31	-0.008952	220.74	220.89	218.24	219.70	38881613
2014-10-30	-0.020525	216.21	217.72	215.75	215.60	25786719
2014-10-29	-0.029854	209.75	212.00	205.85	210.60	54543198
2014-10-28	0.015273	212.96	215.72	212.16	213.74	50900238
2014-10-27	-0.000377	212.88	214.17	211.94	211.99	38691064
2014-10-24	0.027875	218.81	222.74	216.95	218.24	34739769
2014-10-23	0.026608	224.63	227.12	224.54	225.00	1111972
2014-10-22	-0.047335	214.00	214.63	210.57	213.67	41322619
2014-10-21	0.023322	218.99	223.20	212.45	220.48	8387871
2014-10-20	-0.007062	217.45	221.70	215.97	215.47	9534429
2014-10-17	-0.011314	214.99	215.39	213.55	213.63	93872045
2014-10-16	-0.002559	214.43	217.75	212.24	214.80	59248901
2014-10-15	-0.006286	213.09	214.01	212.33	213.46	13916412
2014-10-14	-0.018817	209.08	211.07	207.06	208.75	22262208
2014-10-13	-0.001289	208.81	209.42	205.74	209.26	73651962
2014-10-10	0.001911	209.21	211.58	207.75	210.41	73091001
2014-10-09	0.028129	215.09	216.93	213.88	214.03	68945656
2014-10-08	-0.003435	214.35	215.79	214.02	215.02	31000052
2014-10-07	0.003820	215.17	215.54	214.72	215.98	68571873
2014-10-06	0.013837	218.15	219.57	217.78	219.00	89328814
2014-10-03	-0.002455	217.61	218.41	215.09	215.42	61352878
2014-10-02	0.007063	219.15	220.00	212.78	218.10	53299144
2014-10-01	-0.008404	217.31	218.74	217.27	215.88	63111892
2014-09-30	-0.015072	214.03	216.43	211.58	213.44	43542680
2014-09-29	-0.015501	210.72	212.03	209.11	211.69	88680839
2014-09-26	-0.025550	205.33	208.13	204.19	204.86	44449939
2014-09-25	0.023022	210.06	210.41	209.10	208.84	10184571
2014-09-24	-0.032496	203.23	203.96	201.42	204.55	71340684
2014-09-23	0.002081	203.66	206.49	201.49	202.64	53446875
2014-09-22	-0.053476	192.76	192.96	190.49	193.85	40849338
2014-09-19	-0.022171	188.49	189.85	185.94	188.37	34035186
2014-09-18	0.038840	195.81	196.39	195.59	195.96	63484072
2014-09-17	0.033297	202.33	204.21	201.68	203.09	14281464
2014-09-16	-0.003370	201.65	206.03	200.79	201.30	51697056
2014-09-15	0.005406	202.74	204.92	201.82	202.79	76466466
2014-09-12	0.009800	204.73	207.52	203.00	206.85	10663125
2014-09-11	0.041957	213.32	215.56	212.29	214.89	13357773
2014-09-10	0.017801	217.11	218.75	216.90	216.74	49651752
2014-09-09	0.037326	225.22	227.72	225.15	225.48	11592710
2014-09-08	0.009022	227.25	228.48	227.00	225.76	48876294
2014-09-05	-0.055035	214.74	215.63	211.41	214.59	6621241
2014-09-04	0.036718	222.63	226.15	221.38	222.36	47767749
2014-09-03	0.020500	227.19	228.26	226.88	227.24	1198978
2014-09-02	-0.003759	226.34	226.81	224.79	227.48	29615832
2014-09-01	-0.018176	222.22	223.13	221.82	222.32	84680941
2014-08-29	-0.001148	221.97	224.15	221.24	220.53	42451114
2014-08-28	-0.011625	219.39	221.74	216.35	218.87	59795728
2014-08-27	0.004280	220.33	224.51	219.18	220.92	58194212
2014-08-26	0.026497	226.17	226.70	225.62	224.14	68256683
2014-08-25	-0.044119	216.19	216.92	215.98	217.67	31469564
2014-08-22	0.018001	220.08	221.90	218.74	220.88	87622027
2014-08-21	0.009859	222.25	223.54	221.26	221.80	32093547
2014-08-20	-0.000931	222.04	226.41	220.73	224.91	13531723
2014-08-19	0.006832	223.56	226.06	220.78	222.85	34775231
2014-08-18	-0.015789	220.03	220.53	218.61	221.29	24162704
2014-08-15	-0.025595	214.40	214.79	212.10	217.02	63369737
2014-08-14	0.007801	216.07	221.24	214.97	217.48	56011515
2014-08-13	0.026169	221.72	223.74	219.58	222.15	91788861
2014-08-12	-0.024175	216.36	219.80	213.53	215.46	19718185
2014-08-11	-0.001039	216.14	216.37	216.07	214.84	47601344
2014-08-08	0.026166	221.80	223.24	221.76	222.47	90878149
2014-08-07	0.025906	227.54	230.11	226.59	229.16	65073959
2014-08-06	0.018705	231.80	234.57	230.79	231.74	9051799
2014-08-05	-0.044020	221.59	222.69	221.46	221.28	13068090
2014-08-04	0.031463	228.57	232.79	227.82	228.10	91504056
2014-08-01	-0.032531	221.13	223.39	217.33	221.48	78733675
2014-07-31	0.015838	224.63	226.47	223.04	222.73	90796280
2014-07-30	0.000924	224.84	226.95	221.30	224.41	78089134
2014-07-29	-0.006941	223.28	226.56	218.05	222.08	50828630
2014-07-28	-0.018545	219.14	220.72	218.82	217.27	29441165
2014-07-25	-0.011422	216.64	219.55	215.85	216.87	13363657
2014-07-24	-0.000719	216.48	219.55	215.46	215.72	74968613
2014-07-23	0.006169	217.82	218.87	216.30	217.97	97308564
2014-07-22	-0.022377	212.94	215.73	210.54	213.33	86902640
2014-07-21	0.011812	215.46	216.77	214.57	214.82	15221178
2014-07-18	-0.005813	214.20	217.70	213.00	213.48	86342614
2014-07-17	0.015458	217.51	218.03	212.73	218.42	93488261
2014-07-16	0.014660	220.70	221.55	217.28	219.72	95456143
2014-07-15	0.030707	227.48	228.88	224.83	228.85	23079590
2014-07-14	0.027631	233.77	234.45	231.37	234.22	77649253
2014-07-11	-0.000974	233.54	234.77	231.23	232.96	31331976
2014-07-10	0.021289	238.51	241.13	238.00	238.42	42604678
2014-07-09	-0.014148	235.14	235.58	233.12	235.72	12302030
2014-07-08	0.005632	236.46	241.08	234.67	234.75	18307706
2014-07-07	-0.026848	230.11	233.14	229.15	230.29	92720486
2014-07-04	0.025117	235.89	238.46	235.15	237.32	2804740
2014-07-03	-0.029128	229.02	231.64	226.84	227.95	53163398
2014-07-02	-0.028451	222.50	222.69	218.53	223.00	57305709
2014-07-01	-0.024165	217.13	217.90	215.35	216.28	14020486
2014-06-30	-0.008758	215.23	220.39	213.39	213.63	69125149
2014-06-27	0.005210	216.35	216.35	214.72	215.21	60100051
2014-06-26	0.011477	218.83	219.16	218.47	218.95	53475984
2014-06-25	-0.012174	216.17	216.95	215.61	217.17	86972692
2014-06-24	-0.001699	215.80	217.38	214.89	216.12	66433436
2014-06-23	0.042181	224.90	228.15	224.59	224.43	77242190
2014-06-20	-0.014678	221.60	223.58	221.52	219.51	10479262
2014-06-19	-0.013019	218.72	219.88	217.43	218.08	24964975
2014-06-18	0.007664	220.39	221.51	218.90	220.76	26008147
2014-06-17	0.002708	220.99	221.78	218.07	221.78	8429481
2014-06-16	-0.004505	219.99	222.94	219.52	220.08	41422325
2014-06-13	0.017068	223.75	225.33	222.44	225.05	70306272
2014-06-12	0.001064	223.99	224.75	222.18	223.46	7733141
2014-06-11	0.013427	226.99	229.31	226.05	227.25	35174398
2014-06-10	0.029453	233.68	235.57	232.63	233.27	81337547
2014-06-09	-0.014155	230.37	232.02	227.35	228.70	19420853
2014-06-06	0.028046	236.83	240.11	235.75	236.00	41650653
2014-06-05	0.007505	238.61	240.42	237.98	239.47	24502526
2014-06-04	0.001231	238.90	242.09	238.54	238.75	16752631
2014-06-03	0.043742	249.35	251.64	248.77	248.21	90104530
2014-06-02	0.000744	249.54	253.20	248.37	250.75	44382156
2014-05-30	0.015278	253.35	254.03	249.60	252.46	25677351
2014-05-29	-0.016676	249.13	249.53	246.53	249.19	68285512
2014-05-28	-0.019532	244.26	247.26	243.81	245.04	49650865
2014-05-27	-0.014579	240.70	246.86	240.59	242.13	38711824
2014-05-26	-0.021897	235.43	239.45	234.86	235.36	18256232
2014-05-23	0.005291	236.67	239.34	236.18	237.61	38296453
2014-05-22	0.000669	236.83	241.54	233.87	237.45	46992847
2014-05-21	-0.037320	227.99	228.19	227.34	231.05	1242933
2014-05-20	-0.007259	226.34	228.05	226.24	228.94	29998969
2014-05-19	0.006910	227.90	229.81	227.34	227.69	36242678
2014-05-16	0.011031	230.42	230.89	228.53	231.44	24400172
2014-05-15	0.017704	234.50	237.52	233.73	233.00	79074712
2014-05-14	-0.004150	233.52	238.28	233.36	231.38	67343362
2014-05-13	0.032747	241.17	242.94	241.09	240.50	1697146
2014-05-12	0.012502	244.19	244.98	241.29	244.62	14853495
2014-05-09	0.010809	246.83	247.81	244.35	246.93	13685908
2014-05-08	-0.043305	236.14	237.22	235.76	235.86	86715267
2014-05-07	0.001826	236.57	237.84	235.46	236.43	19218148
2014-05-06	0.036776	245.27	245.71	244.59	244.27	43917813
2014-05-05	-0.053788	232.08	232.08	230.42	229.63	79991628
2014-05-02	-0.018222	227.85	228.21	227.16	228.65	85381756
2014-05-01	-0.009181	225.75	228.16	223.30	225.72	21176053
2014-04-30	-0.008715	223.79	226.22	222.30	222.87	68428739
2014-04-29	-0.019876	219.34	219.82	218.62	218.70	99172196
2014-04-28	0.046248	229.48	229.50	225.18	229.80	77661070
2014-04-25	-0.006715	227.94	229.96	226.52	228.20	86931128
2014-04-24	-0.000428	227.84	230.21	224.62	228.31	40461995
2014-04-23	0.003448	228.63	231.58	225.28	230.16	32267914
2014-04-22	-0.022483	223.49	224.56	220.94	226.10	47120528
2014-04-21	-0.042913	213.90	214.54	213.13	211.89	31065634
2014-04-18	-0.004624	212.91	215.72	212.30	213.85	39285653
2014-04-17	0.035349	220.44	223.68	219.54	217.40	5090765
2014-04-16	-0.024479	215.04	216.57	214.38	215.85	53517989
2014-04-15	-0.007349	213.46	213.66	213.15	213.73	26117654
2014-04-14	-0.034014	206.20	206.77	205.20	206.82	93155340
2014-04-11	-0.020701	201.93	202.73	201.68	201.56	15500547
2014-04-10	-0.011773	199.55	200.07	197.65	200.16	9161350
2014-04-09	-0.005935	198.37	201.36	195.96	197.88	26744920
2014-04-08	0.004994	199.36	202.38	198.12	196.86	80154845
2014-04-07	-0.025525	194.27	195.86	192.97	194.35	87990528
2014-04-04	0.022528	198.65	198.83	197.42	197.71	24062497
2014-04-03	0.010123	200.66	202.10	200.37	200.76	92573387
2014-04-02	0.003742	201.41	201.93	199.05	203.87	75417514
2014-04-01	0.017846	205.00	205.24	204.55	205.78	37112209
2014-03-31	0.031384	211.44	211.45	208.38	211.03	8706195
2014-03-28	0.005814	212.67	216.05	211.85	212.60	37886601
2014-03-27	-0.019134	208.60	208.81	205.00	209.36	38438945
2014-03-26	0.001893	208.99	213.72	205.28	208.61	24869314
2014-03-25	-0.022219	204.35	206.28	204.16	205.22	53642782
2014-03-24	0.005784	205.53	205.84	205.05	207.36	25838542
2014-03-21	0.002828	206.11	206.93	204.82	206.24	81363762
2014-03-20	-0.039451	197.98	199.84	193.59	198.92	30604120
2014-03-19	0.015964	201.14	202.37	199.48	201.20	72621640
2014-03-18	-0.012248	198.68	199.25	198.20	197.86	6472687
2014-03-17	-0.010857	196.52	197.41	194.88	197.11	28515123
2014-03-14	0.002335	196.98	199.24	193.20	197.46	15255408
2014-03-13	0.009715	198.89	199.38	196.81	198.36	48841346
2014-03-12	0.022182	203.30	204.18	200.99	202.30	70848384
2014-03-11	-0.025155	198.19	199.09	197.69	197.96	97053378
2014-03-10	0.018131	201.78	202.65	200.44	203.21	79859334
2014-03-07	0.014928	204.80	205.22	201.87	203.64	13830992
2014-03-06	-0.012852	202.16	205.12	197.41	202.77	18564397
2014-03-05	-0.032942	195.50	196.40	191.36	196.77	10632786
2014-03-04	0.002990	196.09	199.59	193.40	197.23	93530860
2014-03-03	-0.003585	195.39	200.48	193.72	195.63	25624097
2014-02-28	-0.030717	189.38	191.32	187.02	190.24	54615505
2014-02-27	0.006133	190.55	190.78	189.39	189.88	52983817
2014-02-26	-0.027077	185.39	188.57	185.36	185.57	44954887
2014-02-25	0.006705	186.63	189.12	183.57	185.50	42989859
2014-02-24	0.007809	188.09	192.08	183.49	188.99	94340145
2014-02-21	-0.002261	187.66	187.81	186.77	187.36	80519390
2014-02-20	0.023522	192.08	193.97	191.49	191.42	41426290
2014-02-19	0.015353	195.02	195.30	191.21	195.62	70578849
2014-02-18	0.014132	197.78	198.65	196.65	200.68	16540292
2014-02-17	-0.002106	197.36	198.38	196.57	196.10	38323019
2014-02-14	0.030719	203.43	203.73	201.36	202.77	69410360
2014-02-13	-0.008041	201.79	201.98	197.38	201.36	4763944
2014-02-12	-0.004935	200.80	200.82	199.77	199.94	40558700
2014-02-11	-0.002696	200.25	202.73	198.52	199.51	66978976
2014-02-10	0.019746	204.21	206.81	202.68	203.97	40042463
2014-02-07	-0.021670	199.78	201.99	198.48	200.12	90453914
2014-02-06	0.000749	199.93	201.79	198.83	200.97	51256214
2014-02-05	-0.009101	198.11	201.29	196.41	197.37	95089112
2014-02-04	-0.017961	194.55	196.50	194.24	194.79	14085830
2014-02-03	-0.015811	191.48	192.90	189.37	192.57	73085344
2014-01-31	-0.038000	184.20	186.19	182.74	184.79	20269482
2014-01-30	0.008231	185.72	186.48	185.26	185.76	96680919
2014-01-29	-0.002767	185.21	186.29	185.20	185.21	2543105
2014-01-28	-0.001441	184.94	185.02	184.68	184.80	34422940
2014-01-27	0.001872	185.28	186.01	182.90	186.27	68732672
2014-01-24	0.015458	188.15	190.89	187.45	188.23	51318048
2014-01-23	-0.010104	186.25	187.50	185.81	186.26	61177768
2014-01-22	0.023745	190.67	192.72	189.08	191.23	63292280
2014-01-21	-0.023000	186.28	187.60	185.62	186.53	72847801
2014-01-20	-0.013608	183.75	186.87	182.93	184.74	83488807
2014-01-17	-0.012431	181.47	182.96	181.34	180.26	25512070
2014-01-16	-0.021712	177.53	180.33	174.49	176.57	13843803
2014-01-15	-0.001157	177.32	178.07	176.70	178.61	95186049
2014-01-14	0.001845	177.65	178.24	177.43	176.75	22049195
2014-01-13	-0.016260	174.76	175.75	174.12	174.55	50589446
2014-01-10	0.037528	181.32	185.00	180.19	181.38	73454181
2014-01-09	0.006276	182.46	186.83	180.61	183.34	86270871
2014-01-08	0.004926	183.35	184.03	180.81	183.03	99128351
2014-01-07	-0.010179	181.49	182.99	179.28	181.89	60475066
2014-01-06	0.020026	185.12	185.38	184.87	186.06	67013995
2014-01-03	0.020084	188.84	188.98	185.00	186.71	71740448
2014-01-02	0.037127	195.85	196.01	195.66	197.10	55392342
