2016-01-01	-0.016533	37.23	37.65	36.95	37.15	99265944
2015-12-31	0.009609	37.59	37.75	37.47	37.49	64938357
2015-12-30	0.000014	37.59	37.61	37.43	37.60	7712954
2015-12-29	-0.034095	36.31	36.37	35.83	36.31	5910987
2015-12-28	0.003899	36.45	36.53	36.10	36.61	75611028
2015-12-25	-0.003276	36.33	36.41	35.29	36.00	39862068
2015-12-24	0.002025	36.40	36.48	36.27	36.80	18163413
2015-12-23	-0.013885	35.90	36.26	35.85	35.89	10956279
2015-12-22	0.014390	36.42	36.44	36.40	36.93	20887496
2015-12-21	-0.022198	35.61	36.04	35.13	35.53	27606447
2015-12-18	0.052173	37.46	37.61	36.45	37.08	16133587
2015-12-17	-0.029845	36.35	36.67	35.86	36.44	87678304
2015-12-16	-0.025174	35.43	35.69	35.31	35.73	5975139
2015-12-15	-0.022664	34.63	35.18	34.57	34.83	28597250
2015-12-14	0.023899	35.46	35.67	35.09	35.02	91369115
2015-12-11	0.027583	36.43	36.60	36.30	36.69	90976849
2015-12-10	-0.023862	35.56	35.80	35.40	35.75	37822024
2015-12-09	-0.012903	35.11	35.30	34.65	34.89	22722743
2015-12-08	-0.017275	34.50	34.61	34.21	34.25	48500353
2015-12-07	-0.021244	33.77	34.21	33.24	33.74	43587509
2015-12-04	0.021341	34.49	34.56	34.08	34.26	9951412
2015-12-03	0.002157	34.56	34.98	34.37	34.57	65018119
2015-12-02	-0.010887	34.19	34.40	33.77	34.11	64786804
2015-12-01	0.008449	34.47	34.51	33.98	34.41	16314743
2015-11-30	0.006512	34.70	34.97	34.42	34.74	15173589
2015-11-27	-0.021173	33.96	34.03	33.84	33.87	37867084
2015-11-26	0.042394	35.40	35.71	35.38	35.05	16862865
2015-11-25	-0.005426	35.21	35.70	35.03	35.02	12225917
2015-11-24	-0.055220	33.27	33.39	32.99	33.38	60224444
2015-11-23	0.046538	34.82	34.98	34.42	34.92	62646988
2015-11-20	0.018720	35.47	35.64	35.36	35.42	24582566
2015-11-19	0.019433	36.16	36.17	35.98	36.14	84300513
2015-11-18	0.010004	36.52	37.52	36.51	36.37	65729336
2015-11-17	0.040391	37.99	38.55	37.68	37.92	49866255
2015-11-16	-0.017334	37.33	38.02	37.09	37.36	41800213
2015-11-13	-0.004010	37.18	37.67	36.55	37.17	86750181
2015-11-12	-0.015068	36.62	36.99	36.52	36.39	13723879
2015-11-11	0.000375	36.64	36.69	36.37	36.24	71632551
2015-11-10	0.011784	37.07	37.11	36.56	37.13	23602001
2015-11-09	-0.037891	35.67	36.04	35.43	35.84	88228419
2015-11-06	-0.007463	35.40	35.61	34.84	35.44	48626003
2015-11-05	0.021841	36.17	36.56	35.37	35.97	9304452
2015-11-04	-0.030977	35.05	35.36	34.79	34.93	49578829
2015-11-03	-0.014915	34.53	34.58	34.46	34.69	81474829
2015-11-02	-0.036437	33.27	33.74	33.21	33.26	90918429
2015-10-30	0.002900	33.37	33.68	32.94	33.37	66970319
2015-10-29	0.028253	34.31	34.62	33.89	34.33	60622556
2015-10-28	-0.011737	33.91	33.97	33.69	33.60	30502295
2015-10-27	0.004216	34.05	34.26	34.04	34.02	90147673
2015-10-26	0.006179	34.26	34.51	34.10	34.26	64416147
2015-10-23	-0.011276	33.87	34.07	33.60	34.13	68566817
2015-10-22	0.036388	35.11	35.24	34.53	34.92	18611101
2015-10-21	0.019397	35.79	36.10	35.71	35.88	74627517
2015-10-20	0.005788	36.00	36.24	35.91	35.75	10339833
2015-10-19	-0.020368	35.26	35.64	35.17	35.58	32255972
2015-10-16	-0.025575	34.36	35.02	34.14	34.45	11611985
2015-10-15	0.010788	34.73	35.02	34.51	34.79	54775836
2015-10-14	-0.010509	34.37	35.01	33.99	34.06	61540771
2015-10-13	0.011583	34.76	34.89	34.48	34.51	45605437
2015-10-12	0.006844	35.00	35.02	34.56	35.15	80401500
2015-10-09	-0.014179	34.51	34.54	33.64	34.32	94444837
2015-10-08	0.038504	35.83	36.05	35.56	35.67	70812488
2015-10-07	-0.002011	35.76	35.80	35.75	35.87	48040830
2015-10-06	0.012491	36.21	36.86	36.06	36.29	39159733
2015-10-05	-0.009726	35.86	36.32	35.44	35.84	14514427
2015-10-02	0.010927	36.25	36.47	36.12	36.15	40276140
2015-10-01	0.006279	36.48	36.73	36.14	36.52	39886731
2015-09-30	-0.029765	35.39	35.66	35.04	35.38	8319936
2015-09-29	0.013246	35.86	36.29	35.64	35.80	22939139
2015-09-28	-0.030614	34.76	35.01	34.68	34.83	61787534
2015-09-25	-0.007821	34.49	34.93	34.44	34.34	66040562
2015-09-24	-0.010297	34.13	34.46	33.83	33.93	21591632
2015-09-23	0.005317	34.32	34.51	34.18	34.30	80895502
2015-09-22	0.004132	34.46	34.59	34.29	34.33	39528252
2015-09-21	0.000308	34.47	34.86	34.35	34.28	47480059
2015-09-18	0.037560	35.76	36.12	35.70	35.53	82038853
2015-09-17	0.007365	36.03	36.46	35.90	36.00	6658399
2015-09-16	-0.013093	35.55	35.66	35.52	35.51	21036954
2015-09-15	0.000898	35.59	35.61	35.50	35.62	90931288
2015-09-14	0.023530	36.42	36.70	36.36	36.29	1847730
2015-09-11	0.007078	36.68	36.93	36.51	36.53	7170214
2015-09-10	0.014380	37.21	37.71	37.14	37.25	16441940
2015-09-09	-0.003807	37.07	37.37	37.04	37.19	73005317
2015-09-08	0.042460	38.64	38.80	38.14	38.72	97908223
2015-09-07	0.025997	39.65	40.40	39.49	39.58	21865875
2015-09-04	-0.005988	39.41	39.68	39.23	39.56	74288278
2015-09-03	0.020982	40.24	40.50	40.02	40.55	75147227
2015-09-02	-0.014660	39.65	39.70	39.39	39.86	9862021
2015-09-01	0.016662	40.31	40.64	40.14	40.29	23889556
2015-08-31	-0.000773	40.28	40.39	40.04	40.25	19019590
2015-08-28	-0.026548	39.21	39.53	39.15	39.29	93755427
2015-08-27	-0.009934	38.82	38.96	38.75	38.74	60668236
2015-08-26	0.025347	39.80	39.84	39.31	40.02	83799559
2015-08-25	-0.017566	39.10	39.37	38.91	39.10	51204066
2015-08-24	-0.015154	38.51	38.92	38.15	38.71	19824652
2015-08-21	-0.022744	37.63	38.26	37.38	37.58	4344457
2015-08-20	0.016122	38.24	38.99	38.00	38.11	58288320
2015-08-19	0.014865	38.81	38.95	38.54	38.57	94889279
2015-08-18	0.010127	39.20	39.69	38.01	39.13	10087430
2015-08-17	-0.022713	38.31	38.86	37.62	38.48	48480841
2015-08-14	-0.017225	37.65	37.95	37.33	37.45	68619905
2015-08-13	-0.023369	36.77	36.80	36.67	36.74	98671791
2015-08-12	-0.027457	35.76	36.22	35.22	35.51	51356834
2015-08-11	0.001320	35.81	36.52	35.29	35.71	35635310
2015-08-10	0.028176	36.82	36.89	36.80	36.83	34361428
2015-08-07	-0.007638	36.54	36.59	36.12	36.52	48147203
2015-08-06	0.011925	36.97	37.35	36.27	37.02	79282073
2015-08-05	0.008189	37.27	37.65	37.05	37.55	28151774
2015-08-04	-0.011526	36.84	37.16	36.65	36.99	42633955
2015-08-03	0.001754	36.91	37.63	36.16	36.95	42763471
2015-07-31	0.018857	37.61	38.31	37.38	37.47	13184635
2015-07-30	0.027284	38.63	38.75	38.51	38.33	85310648
2015-07-29	-0.008809	38.29	38.39	38.07	38.37	90231320
2015-07-28	0.008158	38.60	39.26	37.90	38.73	83558448
2015-07-27	0.002395	38.70	38.73	38.48	38.83	53952818
2015-07-24	0.027517	39.76	39.92	39.72	39.48	91426591
2015-07-23	-0.025489	38.75	39.11	38.59	38.54	85520952
2015-07-22	-0.014950	38.17	38.18	37.86	38.22	98652733
2015-07-21	0.000043	38.17	38.49	37.38	38.17	85535944
2015-07-20	-0.015252	37.59	37.69	37.08	37.45	83389255
2015-07-17	0.013055	38.08	38.77	37.70	38.26	74323254
2015-07-16	-0.010057	37.70	37.85	37.58	37.57	46877824
2015-07-15	0.007679	37.98	38.84	37.54	37.89	67356674
2015-07-14	0.008208	38.30	38.67	37.85	38.51	2771499
2015-07-13	-0.032867	37.04	37.53	36.64	37.18	65573357
2015-07-10	-0.025450	36.10	36.32	35.79	36.39	95284713
2015-07-09	-0.001196	36.05	36.14	35.96	35.96	2276104
2015-07-08	-0.008961	35.73	36.30	35.67	35.56	72509577
2015-07-07	-0.013666	35.24	35.33	34.72	35.13	56349741
2015-07-06	0.006558	35.47	35.57	35.42	35.74	19816428
2015-07-03	-0.000435	35.46	35.54	35.18	35.46	98176067
2015-07-02	0.008700	35.77	36.23	35.73	35.85	33268826
2015-07-01	-0.003643	35.63	36.21	34.97	35.69	29660159
2015-06-30	-0.030470	34.55	35.42	34.51	34.74	2897371
2015-06-29	0.003314	34.66	35.63	34.34	34.83	73465239
2015-06-26	0.009242	34.98	35.11	34.85	35.14	11102780
2015-06-25	0.014782	35.50	36.30	35.42	35.44	25037843
2015-06-24	-0.037067	34.18	34.86	34.05	34.37	11804387
2015-06-23	-0.045457	32.63	32.64	32.40	32.29	73439257
2015-06-22	-0.014657	32.15	32.45	31.92	32.10	84179704
2015-06-19	0.008321	32.42	32.58	32.31	32.22	34912667
2015-06-18	0.016619	32.96	33.10	32.46	33.06	32816276
2015-06-17	-0.033619	31.85	32.32	31.69	31.91	4494128
2015-06-16	-0.000982	31.82	32.06	31.71	31.80	96674321
2015-06-15	-0.000137	31.82	32.38	31.52	31.38	19706042
2015-06-12	-0.012477	31.42	32.07	31.37	31.03	13608430
2015-06-11	-0.006059	31.23	31.29	31.18	31.42	28083027
2015-06-10	0.002005	31.29	31.45	31.14	31.26	54440820
2015-06-09	0.019134	31.89	32.07	31.51	31.73	59453978
2015-06-08	-0.012642	31.49	31.64	31.38	31.35	21199907
2015-06-05	-0.018813	30.89	31.39	30.64	30.79	96225072
2015-06-04	0.026394	31.71	31.97	31.15	31.56	58620808
2015-06-03	0.019916	32.34	32.79	32.15	32.02	34834138
2015-06-02	0.001589	32.39	32.61	31.73	32.42	23052158
2015-06-01	-0.014619	31.92	32.22	31.21	32.03	47547752
2015-05-29	-0.024548	31.14	31.25	30.17	31.03	50250474
2015-05-28	0.001380	31.18	31.21	30.68	31.13	96125808
2015-05-27	-0.002238	31.11	31.32	30.78	31.05	54581262
2015-05-26	-0.041357	29.82	30.04	29.10	29.89	92817352
2015-05-25	-0.021209	29.19	29.30	28.83	29.18	74014174
2015-05-22	0.016469	29.67	29.72	29.47	29.17	70417344
2015-05-21	0.025528	30.43	30.51	30.29	30.19	8182929
2015-05-20	-0.029961	29.52	29.66	29.47	29.34	73068949
2015-05-19	-0.005242	29.36	29.54	29.35	29.36	23341136
2015-05-18	-0.000056	29.36	29.57	29.35	29.40	53459124
2015-05-15	0.007015	29.57	29.62	29.45	29.70	73741783
2015-05-14	-0.020793	28.95	29.13	28.63	28.96	72842830
2015-05-13	0.014069	29.36	29.42	29.13	29.61	70087440
2015-05-12	0.008934	29.62	29.71	29.29	29.67	43228219
2015-05-11	0.053410	31.20	31.91	31.08	31.46	2467037
2015-05-08	0.019137	31.80	31.90	31.68	31.71	6648015
2015-05-07	0.018159	32.38	32.46	32.10	32.46	29044285
2015-05-06	-0.006394	32.17	32.22	31.81	32.30	96312842
2015-05-05	-0.030038	31.20	31.37	30.64	31.18	94245296
2015-05-04	0.017721	31.76	31.91	31.49	31.86	74462249
2015-05-01	0.032693	32.79	33.08	32.46	32.72	74707109
2015-04-30	-0.006059	32.60	33.17	32.21	32.38	14338879
2015-04-29	-0.036772	31.40	31.57	31.33	31.71	53332140
2015-04-28	0.034786	32.49	32.60	32.19	32.39	16008109
2015-04-27	-0.005731	32.30	32.44	31.67	32.43	64277828
2015-04-24	0.010795	32.65	33.08	32.21	32.98	50183961
2015-04-23	0.012957	33.08	33.32	33.03	33.03	59714484
2015-04-22	-0.032710	31.99	32.43	31.57	32.10	92946858
2015-04-21	0.015003	32.47	32.81	32.06	32.09	15039940
2015-04-20	0.013535	32.91	33.18	32.42	32.73	79479452
2015-04-17	0.001624	32.97	33.20	32.53	32.80	95215282
2015-04-16	0.024343	33.77	33.92	33.52	33.79	26195291
2015-04-15	-0.004044	33.63	33.73	33.42	33.66	34187614
2015-04-14	0.022745	34.40	34.57	34.33	34.28	51952920
2015-04-13	0.006669	34.63	34.74	34.33	34.48	11396240
2015-04-10	0.001964	34.69	34.74	34.69	34.57	79866539
2015-04-09	0.003451	34.81	35.23	34.72	35.16	89365260
2015-04-08	-0.016785	34.23	34.61	34.18	34.35	66951196
2015-04-07	0.018576	34.87	35.05	34.31	35.23	78351559
2015-04-06	0.000950	34.90	35.06	34.78	34.94	79024146
2015-04-03	-0.034552	33.69	33.73	33.53	33.74	95921772
2015-04-02	0.004688	33.85	33.86	33.75	33.43	17305449
2015-04-01	-0.003887	33.72	33.92	33.48	33.60	3304689
2015-03-31	-0.001514	33.67	33.94	33.36	33.81	91322553
2015-03-30	0.006102	33.87	33.97	33.43	33.95	42860976
2015-03-27	-0.010801	33.51	33.63	32.90	33.64	77751482
2015-03-26	0.020046	34.18	34.26	33.94	34.18	71719502
2015-03-25	-0.032283	33.08	33.56	32.42	32.96	85273617
2015-03-24	0.007488	33.32	33.48	33.00	33.20	42345827
2015-03-23	-0.014859	32.83	33.51	32.71	33.05	93086875
2015-03-20	-0.009563	32.51	32.60	32.45	32.61	12725604
2015-03-19	0.005862	32.71	32.95	32.53	32.69	61876327
2015-03-18	-0.022554	31.97	32.05	31.54	31.53	31314923
2015-03-17	0.022659	32.69	32.97	32.57	32.61	35630822
2015-03-16	0.019470	33.33	33.38	33.15	32.96	65105585
2015-03-13	0.016316	33.87	34.05	33.80	33.91	4528403
2015-03-12	-0.031425	32.81	33.17	32.22	33.10	19864274
2015-03-11	-0.044543	31.35	31.69	30.79	31.53	58223765
2015-03-10	0.002338	31.42	31.64	31.17	31.49	24104964
2015-03-09	-0.025561	30.62	30.73	30.58	30.43	36447092
2015-03-06	0.016052	31.11	31.11	30.68	31.14	52242400
2015-03-05	0.010950	31.45	31.59	31.23	31.49	48468565
2015-03-04	-0.007381	31.22	31.73	30.64	31.37	54642447
2015-03-03	0.035180	32.31	33.01	32.19	32.41	14111107
2015-03-02	0.013683	32.76	32.95	32.73	32.93	34051187
2015-02-27	-0.020837	32.07	32.30	32.07	32.10	35939547
2015-02-26	-0.011149	31.72	31.73	31.34	31.78	67986904
2015-02-25	-0.022934	30.99	31.18	30.97	31.14	97122485
2015-02-24	0.011801	31.36	31.87	30.85	31.31	37879497
2015-02-23	0.002574	31.44	31.57	31.12	31.25	26141569
2015-02-20	0.013898	31.87	32.10	31.49	31.87	76999565
2015-02-19	-0.009175	31.58	32.13	31.56	31.75	90822912
2015-02-18	-0.000515	31.56	32.08	30.87	31.55	1293146
2015-02-17	-0.020995	30.90	31.02	30.72	30.94	4381185
2015-02-16	0.025029	31.67	31.89	31.19	31.46	81631695
2015-02-13	-0.015778	31.18	31.65	30.57	30.99	50663348
2015-02-12	-0.005083	31.02	31.17	30.91	31.01	3651784
2015-02-11	0.026779	31.85	31.86	31.61	31.75	13857563
2015-02-10	0.006717	32.06	32.49	31.98	32.40	3464110
2015-02-09	-0.015922	31.55	32.13	30.99	31.39	61762893
2015-02-06	0.014891	32.02	32.61	32.01	31.93	84640079
2015-02-05	0.034972	33.14	33.70	33.08	32.91	32825085
2015-02-04	-0.040508	31.80	31.97	31.54	31.66	94366777
2015-02-03	-0.010394	31.47	31.96	31.07	31.71	1100193
2015-02-02	0.014758	31.93	32.40	31.56	31.80	49964634
2015-01-30	-0.010376	31.60	31.77	31.23	31.75	17921833
2015-01-29	-0.025834	30.78	31.31	30.52	31.07	89207353
2015-01-28	-0.045795	29.37	29.58	29.08	29.42	3810196
2015-01-27	-0.002730	29.29	29.33	29.07	29.16	1251040
2015-01-26	0.018484	29.84	30.44	29.30	30.14	69842327
2015-01-23	-0.025170	29.08	29.35	28.95	29.13	97844281
2015-01-22	-0.045693	27.76	28.02	27.72	27.91	18245035
2015-01-21	-0.001021	27.73	27.92	27.15	27.82	68515100
2015-01-20	-0.005816	27.57	27.66	27.51	27.55	22197482
2015-01-19	-0.032277	26.68	26.71	26.36	26.57	10602756
2015-01-16	-0.034017	25.77	25.95	25.48	25.72	7268639
2015-01-15	0.027422	26.48	26.78	25.80	26.44	67008464
2015-01-14	-0.014863	26.08	26.11	26.04	26.11	55428247
2015-01-13	0.030882	26.89	26.93	26.79	26.90	49296361
2015-01-12	-0.002908	26.81	26.95	26.70	26.78	65256263
2015-01-09	0.027473	27.55	27.82	27.43	27.62	71388758
2015-01-08	-0.032564	26.65	26.85	26.64	26.58	7853885
2015-01-07	0.008427	26.87	27.26	26.73	26.74	47955191
2015-01-06	0.016200	27.31	27.38	27.06	27.27	66728698
2015-01-05	0.010937	27.61	27.70	27.55	27.73	37659188
2015-01-02	0.003621	27.71	27.71	27.54	27.72	44572932
2015-01-01	-0.002694	27.63	28.09	27.47	27.50	88076011
2014-12-31	0.021890	28.24	28.42	28.23	28.03	54060124
2014-12-30	-0.013328	27.86	27.87	27.74	27.93	43112182
2014-12-29	0.014650	28.27	28.42	28.26	28.24	77295328
2014-12-26	0.012312	28.62	28.68	28.56	28.69	67569941
2014-12-25	0.016915	29.10	29.10	28.99	29.14	36295417
2014-12-24	-0.018216	28.57	28.65	28.40	28.57	19631179
2014-12-23	0.009387	28.84	29.21	28.54	29.10	24930405
2014-12-22	-0.006843	28.64	29.00	28.52	28.55	30978570
2014-12-19	0.001638	28.69	28.79	28.53	28.80	42644355
2014-12-18	-0.003496	28.59	28.67	27.92	28.61	7980035
2014-12-17	-0.038242	27.50	27.55	27.24	27.58	38018729
2014-12-16	-0.012711	27.15	27.18	26.83	27.05	29855025
2014-12-15	0.019642	27.68	27.74	27.25	27.67	25430134
2014-12-12	-0.014634	27.27	27.64	27.10	27.32	60995451
2014-12-11	-0.040847	26.16	26.24	25.86	25.96	64230002
2014-12-10	-0.037289	25.18	25.22	24.55	25.06	23620953
2014-12-09	-0.037419	24.24	24.47	24.15	24.26	53013610
2014-12-08	0.044296	25.32	25.45	25.28	25.37	60831152
2014-12-05	-0.014391	24.95	25.16	24.74	25.10	83134780
2014-12-04	0.000770	24.97	25.38	24.93	25.20	11252202
2014-12-03	0.011434	25.26	25.58	25.11	25.31	2113102
2014-12-02	0.002100	25.31	25.58	24.72	25.40	29716426
2014-12-01	0.011890	25.61	26.21	25.15	25.69	39875159
2014-11-28	0.013783	25.96	26.10	25.35	25.92	40357508
2014-11-27	-0.033705	25.09	25.15	25.01	25.18	81291647
2014-11-26	-0.015977	24.69	24.70	24.43	24.67	54504446
2014-11-25	-0.038530	23.74	23.77	23.67	23.62	34297755
2014-11-24	0.019060	24.19	24.41	23.78	24.23	51423673
2014-11-21	-0.031411	23.43	23.59	23.21	23.49	6409282
2014-11-20	-0.001748	23.39	23.55	23.02	23.36	74989803
2014-11-19	0.001505	23.42	23.47	23.37	23.63	46386147
2014-11-18	-0.014472	23.08	23.20	23.04	22.91	41785682
2014-11-17	-0.019613	22.63	22.66	22.62	22.74	49002061
2014-11-14	-0.012494	22.35	22.50	22.09	22.27	12074612
2014-11-13	-0.008353	22.16	22.33	22.10	22.04	78093525
2014-11-12	0.012059	22.43	22.46	22.19	22.25	97162130
2014-11-11	0.010817	22.67	22.88	22.58	22.63	19285742
2014-11-10	0.008211	22.86	22.90	22.79	22.76	67814925
2014-11-07	-0.005956	22.72	23.09	22.70	22.76	11100790
2014-11-06	0.001651	22.76	23.00	22.68	22.81	86428589
2014-11-05	-0.043671	21.77	21.78	21.65	21.68	8129603
2014-11-04	0.016998	22.14	22.14	22.10	22.09	59585439
2014-11-03	0.014046	22.45	22.62	22.26	22.52	56569106
2014-10-31	0.004158	22.54	22.63	22.54	22.53	45089948
2014-10-30	-0.003022	22.47	22.62	22.07	22.32	51111281
2014-10-29	0.012573	22.75	23.04	22.33	22.74	94770064
2014-10-28	0.044987	23.78	23.80	23.48	23.74	22535520
2014-10-27	-0.015459	23.41	23.59	23.34	23.45	86232888
2014-10-24	0.006749	23.57	23.67	23.47	23.45	39832902
2014-10-23	0.042587	24.57	24.63	23.96	24.52	10350737
2014-10-22	-0.028085	23.88	23.94	23.77	24.17	33378675
2014-10-21	-0.036057	23.02	23.10	22.75	23.03	20404716
2014-10-20	0.008326	23.21	23.35	22.92	23.06	56011628
2014-10-17	-0.008074	23.03	23.63	22.99	23.03	83463347
2014-10-16	0.027131	23.65	23.68	23.65	23.56	48970341
2014-10-15	-0.002871	23.58	23.70	23.44	23.76	28888838
2014-10-14	-0.017340	23.17	23.22	23.09	23.18	87208668
2014-10-13	0.011518	23.44	23.48	23.38	23.37	22731215
2014-10-10	-0.003697	23.35	23.67	22.97	23.40	37161785
2014-10-09	0.011093	23.61	24.02	23.30	23.60	90958068
2014-10-08	-0.004107	23.52	23.57	23.26	23.34	78212240
2014-10-07	0.020028	23.99	24.05	23.94	23.99	93923539
2014-10-06	0.001037	24.01	24.02	23.89	24.16	47500320
2014-10-03	-0.011908	23.73	24.00	23.69	23.60	24157161
2014-10-02	0.007555	23.90	24.12	23.69	23.93	63416104
2014-10-01	0.003986	24.00	24.01	23.98	23.79	6555046
2014-09-30	0.000867	24.02	24.41	23.98	24.01	25972888
2014-09-29	-0.008052	23.83	23.97	23.67	23.94	33791304
2014-09-26	-0.047655	22.69	22.71	22.20	22.73	47951097
2014-09-25	-0.021309	22.21	22.49	22.20	22.36	2373520
2014-09-24	0.022845	22.72	22.72	22.65	22.64	53254655
2014-09-23	-0.013542	22.41	22.68	22.15	22.44	36521568
2014-09-22	0.015411	22.75	22.94	22.69	22.75	85839572
2014-09-19	-0.000852	22.73	22.86	22.67	22.79	57615140
2014-09-18	0.019206	23.17	23.18	23.01	23.33	34044321
2014-09-17	0.015386	23.53	23.62	23.36	23.36	11257390
2014-09-16	0.013832	23.85	24.10	23.83	23.99	32079796
2014-09-15	0.002621	23.91	23.96	23.72	23.77	87968187
2014-09-12	-0.016513	23.52	23.70	23.18	23.71	10022144
2014-09-11	-0.001630	23.48	23.58	23.31	23.40	83604816
2014-09-10	0.004764	23.59	23.90	23.35	23.53	33075735
2014-09-09	-0.003453	23.51	23.91	23.26	23.34	56472825
2014-09-08	0.003251	23.59	23.88	23.43	23.29	32283036
2014-09-05	-0.005905	23.45	23.46	23.17	23.55	25107809
2014-09-04	0.015176	23.81	23.86	23.74	23.86	36233046
2014-09-03	0.016732	24.20	24.26	24.07	24.27	41101732
2014-09-02	-0.019067	23.74	23.81	23.72	23.79	47315761
2014-09-01	-0.007412	23.57	23.71	23.42	23.75	97248945
2014-08-29	0.004552	23.67	23.84	23.55	23.50	43316361
2014-08-28	-0.024250	23.10	23.50	22.86	23.04	56164164
2014-08-27	-0.025351	22.51	22.84	22.41	22.60	39676047
2014-08-26	0.012190	22.79	22.80	22.39	22.74	77863044
2014-08-25	0.007491	22.96	23.24	22.74	22.78	88552174
2014-08-22	-0.025626	22.37	22.57	21.84	22.48	41458960
2014-08-21	-0.015725	22.02	22.15	21.65	22.08	99362744
2014-08-20	0.028538	22.65	22.71	22.37	22.72	71500418
2014-08-19	0.026273	23.24	23.36	23.08	23.28	79119447
2014-08-18	0.000433	23.25	23.44	23.15	23.59	41939008
2014-08-15	-0.005784	23.12	23.48	22.92	23.01	32508764
2014-08-14	0.023547	23.66	23.91	23.27	23.61	22966335
2014-08-13	0.020308	24.14	24.79	23.98	23.73	69617296
2014-08-12	-0.010862	23.88	23.89	23.54	23.69	51919636
2014-08-11	-0.023291	23.32	23.53	23.23	23.32	83190318
2014-08-08	0.019716	23.78	23.79	23.67	23.58	22898204
2014-08-07	-0.019421	23.32	23.33	22.99	23.27	16686869
2014-08-06	-0.000316	23.31	23.49	23.29	23.24	12512140
2014-08-05	0.018345	23.74	23.89	23.67	23.51	4952895
2014-08-04	-0.029165	23.05	23.38	23.00	23.07	72071405
2014-08-01	0.017474	23.45	23.51	23.36	23.58	29211917
2014-07-31	0.005102	23.57	23.93	23.29	23.35	35478502
2014-07-30	0.001035	23.60	24.06	23.53	23.86	67652152
2014-07-29	-0.015759	23.22	23.49	23.13	23.29	92343925
2014-07-28	-0.001166	23.20	23.31	22.94	23.23	64367784
2014-07-25	0.010663	23.45	23.45	23.37	23.58	15147570
2014-07-24	0.000192	23.45	23.70	23.39	23.31	67377349
2014-07-23	0.027811	24.10	24.34	24.04	24.14	82233631
2014-07-22	-0.007128	23.93	23.98	23.90	24.05	75863678
2014-07-21	-0.021319	23.42	23.45	23.35	23.48	84254007
2014-07-18	-0.001779	23.38	23.55	23.15	23.44	86616425
2014-07-17	0.018260	23.80	24.06	23.72	23.76	96620056
2014-07-16	-0.010172	23.56	23.78	23.25	23.51	26447595
2014-07-15	0.014626	23.91	24.22	23.81	24.15	9073086
2014-07-14	0.012343	24.20	24.40	24.18	24.19	59096131
2014-07-11	0.040459	25.18	25.43	25.18	25.19	62198336
2014-07-10	-0.014401	24.82	24.99	24.70	25.12	95860703
2014-07-09	0.015458	25.20	25.29	24.64	25.07	24834638
2014-07-08	-0.023416	24.61	24.61	24.58	24.74	56431203
2014-07-07	-0.001299	24.58	24.91	24.45	24.47	46537578
2014-07-04	0.001524	24.62	24.81	24.51	24.70	75534809
2014-07-03	0.007150	24.79	24.88	24.21	24.78	75646092
2014-07-02	0.007882	24.99	25.29	24.93	24.98	41268056
2014-07-01	0.007699	25.18	25.27	24.90	25.21	50107141
2014-06-30	0.000616	25.20	25.53	24.79	25.09	41210346
2014-06-27	0.019559	25.69	25.98	25.54	25.72	67448676
2014-06-26	-0.027042	25.00	25.09	24.82	24.95	94036214
2014-06-25	0.023226	25.58	25.82	25.46	25.71	51400232
2014-06-24	0.002059	25.63	25.97	25.42	25.62	55929437
2014-06-23	0.031762	26.44	26.87	26.15	26.29	54143674
2014-06-20	-0.025248	25.78	26.14	25.36	25.82	48435866
2014-06-19	0.020789	26.31	26.59	26.14	26.26	76139936
2014-06-18	-0.019463	25.80	26.16	25.44	25.90	36798831
2014-06-17	0.015357	26.20	26.29	25.99	26.09	35307794
2014-06-16	-0.001436	26.16	26.41	26.07	26.20	53419148
2014-06-13	0.000494	26.17	26.38	26.10	26.03	74951075
2014-06-12	0.001966	26.22	26.58	26.09	26.28	7584846
2014-06-11	-0.017795	25.76	25.92	25.73	25.76	96301092
2014-06-10	0.007896	25.96	25.98	25.41	26.13	5403884
2014-06-09	0.013689	26.31	26.41	26.12	26.39	40207915
2014-06-06	0.011018	26.60	26.80	26.50	26.58	67702599
2014-06-05	-0.001807	26.56	26.68	26.25	26.69	7258475
2014-06-04	0.010598	26.84	26.98	26.41	26.96	2384054
2014-06-03	-0.007644	26.63	26.92	26.56	26.65	66510245
2014-06-02	0.016521	27.07	27.30	27.06	27.22	35889150
2014-05-30	-0.027805	26.32	26.44	26.04	26.35	74952669
2014-05-29	-0.012635	25.99	26.81	25.88	25.79	20236055
2014-05-28	-0.041218	24.92	25.13	24.90	24.90	11902114
2014-05-27	-0.015919	24.52	24.89	24.23	24.43	62605717
2014-05-26	0.021509	25.05	25.15	24.72	25.06	34694533
2014-05-23	0.011495	25.33	25.54	25.06	25.35	23842666
2014-05-22	-0.020830	24.81	24.95	24.68	24.78	96058269
2014-05-21	0.018681	25.27	25.70	24.89	25.38	68070293
2014-05-20	-0.034819	24.39	24.43	24.09	24.25	82586224
2014-05-19	0.015293	24.76	25.06	24.55	24.63	73691958
2014-05-16	0.000817	24.78	25.03	24.49	25.07	76850865
2014-05-15	0.001763	24.83	25.02	24.70	24.77	28588208
2014-05-14	-0.002044	24.78	25.26	24.53	24.82	32295917
2014-05-13	0.023877	25.37	25.40	25.21	25.61	74364402
2014-05-12	0.021118	25.90	26.27	25.51	25.71	45353172
2014-05-09	0.000013	25.90	25.94	25.88	25.81	34817223
2014-05-08	-0.029769	25.13	25.33	25.06	25.33	87143525
2014-05-07	0.015563	25.52	25.86	25.45	25.55	93127636
2014-05-06	-0.008575	25.31	25.33	25.27	25.22	46218038
2014-05-05	0.004506	25.42	25.46	25.28	25.32	79040235
2014-05-02	0.011314	25.71	26.00	25.56	25.57	33171295
2014-05-01	0.009927	25.96	26.02	25.69	25.63	81388559
2014-04-30	0.056717	27.43	27.48	27.37	27.37	99085357
2014-04-29	-0.011732	27.11	27.28	26.71	26.93	60950070
2014-04-28	-0.005662	26.96	27.15	26.49	27.01	72821880
2014-04-25	0.018641	27.46	27.52	27.21	27.32	4221610
2014-04-24	-0.011164	27.16	27.42	27.02	27.11	22089863
2014-04-23	-0.024908	26.48	26.54	26.47	26.56	13554662
2014-04-22	0.013523	26.84	26.85	26.64	26.79	21763550
2014-04-21	-0.016769	26.39	26.41	26.11	26.49	86718583
2014-04-18	-0.015285	25.98	26.12	25.75	26.05	93504006
2014-04-17	0.003737	26.08	26.17	25.96	25.99	36267785
2014-04-16	0.012086	26.40	26.99	26.14	26.62	31217976
2014-04-15	-0.025805	25.71	25.84	25.70	25.65	29367117
2014-04-14	-0.005873	25.56	25.65	25.46	25.60	2796640
2014-04-11	0.004114	25.67	25.96	25.43	25.90	93551406
2014-04-10	-0.000159	25.66	25.67	25.57	25.48	83013513
2014-04-09	0.033579	26.53	26.68	26.52	26.50	1006398
2014-04-08	0.043313	27.68	27.95	27.52	27.93	27695684
2014-04-07	-0.006772	27.49	27.60	27.13	27.55	79321498
2014-04-04	0.014515	27.89	28.29	27.57	27.77	52301375
2014-04-03	0.017428	28.37	28.60	27.75	28.26	6365011
2014-04-02	-0.027612	27.59	27.96	27.14	27.62	30183531
2014-04-01	0.007878	27.81	27.90	27.60	27.90	92861052
2014-03-31	-0.023926	27.14	27.18	26.99	27.33	82662559
2014-03-28	-0.020900	26.57	26.61	26.13	26.63	74281803
2014-03-27	0.031662	27.42	27.80	27.40	27.43	78852109
2014-03-26	-0.021096	26.84	27.35	26.54	26.97	54313063
2014-03-25	-0.007712	26.63	27.08	26.60	26.62	83883643
2014-03-24	0.033079	27.51	27.64	27.49	27.54	78770178
2014-03-21	-0.018592	27.00	27.12	26.73	27.18	57183172
2014-03-20	0.005646	27.15	27.39	26.71	27.15	64465267
2014-03-19	-0.002915	27.07	27.23	26.82	27.09	12373886
2014-03-18	0.013271	27.43	27.51	26.70	27.46	69604558
2014-03-17	-0.008919	27.19	27.91	26.84	27.22	55500475
2014-03-14	0.025428	27.88	28.10	27.16	27.72	67809709
2014-03-13	-0.052400	26.42	26.95	26.16	26.57	90658289
2014-03-12	0.029650	27.20	27.34	26.55	27.40	56877976
2014-03-11	0.023789	27.85	27.98	27.75	27.77	10855064
2014-03-10	0.041390	29.00	29.09	28.91	29.43	62697885
2014-03-07	0.024134	29.70	29.75	29.07	29.62	53141481
2014-03-06	-0.013281	29.31	30.17	28.67	28.99	13396441
2014-03-05	0.010441	29.61	29.67	29.43	29.73	33012931
2014-03-04	0.001713	29.66	30.26	29.25	29.74	72111176
2014-03-03	0.019392	30.24	30.55	30.08	30.32	89215437
2014-02-28	0.017008	30.75	30.91	30.68	30.89	5557978
2014-02-27	-0.025577	29.97	30.65	29.93	30.01	54856719
2014-02-26	-0.041355	28.73	28.77	28.56	28.82	78066264
2014-02-25	0.002697	28.80	28.90	28.55	28.82	46508403
2014-02-24	-0.010220	28.51	28.52	28.46	28.45	64955196
2014-02-21	0.005353	28.66	28.89	28.31	28.55	84601475
2014-02-20	-0.000892	28.64	28.69	28.56	28.48	34363975
2014-02-19	-0.020269	28.06	28.39	27.44	28.04	48940379
2014-02-18	0.013949	28.45	28.62	28.33	28.18	52853752
2014-02-17	0.041895	29.64	29.89	29.41	29.72	63097741
2014-02-14	0.011705	29.99	30.10	29.74	30.10	89467356
2014-02-13	0.013322	30.39	30.75	30.04	30.54	55794814
2014-02-12	0.014594	30.83	30.98	30.44	31.12	47229036
2014-02-11	0.016695	31.34	31.58	31.07	31.42	78630433
2014-02-10	0.031633	32.34	32.44	32.14	32.53	93057907
2014-02-07	0.000698	32.36	32.54	31.59	32.33	38133784
2014-02-06	0.005858	32.55	32.86	32.22	32.70	16875909
2014-02-05	0.035324	33.70	34.19	33.45	33.66	69927350
2014-02-04	0.004552	33.85	34.02	33.70	33.81	16844478
2014-02-03	-0.005312	33.67	33.83	33.67	33.99	34617652
2014-01-31	0.009360	33.99	34.07	33.75	34.11	34143342
2014-01-30	0.005413	34.17	34.70	33.90	33.95	76619416
2014-01-29	0.021382	34.90	34.91	34.84	35.00	94653526
2014-01-28	0.004687	35.06	35.25	35.02	35.07	31039871
2014-01-27	0.026549	36.00	36.04	35.43	36.25	7639412
2014-01-24	-0.009347	35.66	35.78	35.03	35.75	34075849
2014-01-23	-0.003608	35.53	35.78	35.30	35.54	35595241
2014-01-22	0.004284	35.68	35.72	35.29	35.95	5668677
2014-01-21	-0.003644	35.55	35.74	35.45	35.28	16205654
2014-01-20	-0.009326	35.22	35.51	34.84	35.08	66695778
2014-01-17	-0.009232	34.90	35.20	34.43	34.83	71835368
2014-01-16	-0.001455	34.85	34.93	34.71	34.93	81468071
2014-01-15	-0.013938	34.36	34.42	33.79	34.39	40761046
2014-01-14	0.012282	34.78	34.85	34.41	35.07	2613743
2014-01-13	-0.009312	34.46	35.13	34.08	34.50	58778076
2014-01-10	-0.007783	34.19	34.38	33.93	33.90	75360653
2014-01-09	0.021518	34.93	34.96	34.78	35.00	51296711
2014-01-08	0.027690	35.89	36.20	35.49	35.86	28990861
2014-01-07	-0.028068	34.88	35.11	34.74	34.86	44503048
2014-01-06	-0.000139	34.88	34.90	34.75	34.40	24844583
2014-01-03	-0.030553	33.81	34.27	33.71	33.94	12149651
2014-01-02	0.009638	34.14	34.23	34.00	34.25	85400456
