2016-01-01	0.013327	239.83	240.62	233.95	240.76	25617740
2015-12-31	0.003288	240.62	241.38	236.53	240.46	36141457
2015-12-30	-0.025716	234.43	234.73	232.93	233.48	31632222
2015-12-29	-0.000913	234.22	237.32	233.66	234.85	98239568
2015-12-28	-0.035147	225.98	228.68	225.57	226.58	98900572
2015-12-25	0.020770	230.68	231.56	230.12	230.76	66037873
2015-12-24	-0.018078	226.51	227.99	224.73	225.53	61605607
2015-12-23	-0.002802	225.87	227.55	220.32	224.70	34201412
2015-12-22	-0.055415	213.36	216.60	210.36	213.24	67747156
2015-12-21	-0.005127	212.26	214.39	211.57	210.93	38084119
2015-12-18	0.022875	217.12	219.92	214.41	216.56	43112243
2015-12-17	-0.001990	216.69	219.78	214.87	215.84	88293839
2015-12-16	-0.011101	214.28	216.12	213.80	214.82	29494969
2015-12-15	-0.005605	213.08	216.16	211.59	213.70	41964975
2015-12-14	0.013972	216.06	216.91	213.05	215.26	97863817
2015-12-11	-0.001078	215.82	217.06	215.14	214.83	92840411
2015-12-10	-0.016437	212.28	212.50	209.57	213.01	80257342
2015-12-09	-0.019295	208.18	208.31	205.46	207.67	60376279
2015-12-08	-0.034620	200.97	202.07	196.56	200.65	64949113
2015-12-07	0.028698	206.74	207.37	205.22	206.35	20382266
2015-12-04	0.007785	208.35	208.61	206.62	206.76	60537387
2015-12-03	-0.016597	204.89	205.39	204.88	205.40	77568350
2015-12-02	0.007836	206.50	207.07	205.96	205.82	77917366
2015-12-01	-0.004751	205.52	206.15	201.15	203.63	55028567
2015-11-30	-0.029332	199.49	201.57	198.40	200.46	59262236
2015-11-27	0.002592	200.01	202.60	199.46	199.67	95601630
2015-11-26	-0.008031	198.40	198.90	197.15	197.80	46245934
2015-11-25	0.039121	206.16	206.48	203.88	204.34	53319488
2015-11-24	0.010935	208.41	209.46	207.71	207.18	73894518
2015-11-23	0.013558	211.24	212.03	210.70	210.64	57637652
2015-11-20	-0.021521	206.69	207.30	204.72	205.48	12206377
2015-11-19	0.027779	212.44	216.14	212.34	211.75	15921211
2015-11-18	0.017886	216.24	216.88	214.97	215.30	81957700
2015-11-17	0.040150	224.92	228.49	223.50	225.58	84886641
2015-11-16	0.009659	227.09	232.49	226.83	227.12	85250620
2015-11-13	0.004397	228.09	228.93	226.05	228.96	7598796
2015-11-12	0.015259	231.57	233.52	227.77	231.57	78609455
2015-11-11	-0.008686	229.56	230.50	228.17	229.51	89814404
2015-11-10	0.031791	236.86	241.79	234.57	237.40	17460721
2015-11-09	-0.009546	234.59	235.95	233.65	234.07	73815965
2015-11-06	-0.016715	230.67	232.28	228.00	230.65	70768319
2015-11-05	0.018335	234.90	235.02	233.13	235.81	11299499
2015-11-04	0.049620	246.56	246.62	244.13	244.09	79143440
2015-11-03	0.025617	252.87	253.55	252.75	251.70	35484054
2015-11-02	-0.010717	250.16	250.58	249.61	250.26	53877154
2015-10-30	0.001816	250.62	255.16	247.18	248.30	45424299
2015-10-29	-0.011697	247.69	247.92	246.18	245.54	11818201
2015-10-28	-0.004078	246.68	246.77	246.25	243.53	88303702
2015-10-27	0.001496	247.05	248.52	246.80	246.08	21372913
2015-10-26	-0.018023	242.59	247.11	242.05	242.11	35112329
2015-10-23	-0.001083	242.33	242.81	238.82	240.92	17845720
2015-10-22	-0.009998	239.91	242.30	238.71	238.48	38156193
2015-10-21	0.011281	242.61	245.14	239.82	241.23	3103659
2015-10-20	0.003422	243.44	246.93	242.02	243.03	31663562
2015-10-19	0.003879	244.39	247.64	242.08	244.20	3578160
2015-10-16	0.031457	252.08	255.11	250.50	252.36	22731177
2015-10-15	-0.030397	244.41	249.76	243.04	244.42	31778135
2015-10-14	0.051847	257.09	258.90	254.83	256.33	91017639
2015-10-13	-0.010518	254.38	256.54	252.67	255.32	78461287
2015-10-12	-0.013384	250.98	253.61	250.41	250.90	80803925
2015-10-09	0.016902	255.22	256.14	253.32	256.67	93741446
2015-10-08	-0.018967	250.38	253.47	242.42	251.07	20419093
2015-10-07	-0.012765	247.18	249.89	246.09	245.01	88865155
2015-10-06	-0.003744	246.26	250.75	245.50	246.20	86629864
2015-10-05	0.012164	249.25	249.42	246.78	249.71	39786463
2015-10-02	0.039032	258.98	260.88	255.98	257.49	4233644
2015-10-01	-0.011118	256.10	258.33	255.71	254.90	3214969
2015-09-30	-0.004737	254.89	255.81	253.05	255.76	28777786
2015-09-29	-0.012484	251.71	254.44	248.06	252.26	6776521
2015-09-28	0.022307	257.32	260.91	256.57	258.86	3236411
2015-09-25	-0.004456	256.18	258.14	253.49	254.25	59694144
2015-09-24	-0.006910	254.41	258.30	252.07	255.06	72401134
2015-09-23	0.004980	255.67	258.25	251.03	255.03	68601355
2015-09-22	-0.012351	252.52	255.80	250.05	254.64	62969544
2015-09-21	0.018497	257.19	265.83	255.07	260.81	95766289
2015-09-18	0.024648	263.53	267.02	263.46	263.32	92879090
2015-09-17	0.068552	281.59	282.45	278.34	280.20	23516763
2015-09-16	-0.006074	279.88	283.96	278.11	280.02	99994689
2015-09-15	0.016230	284.42	285.90	284.23	285.49	42289549
2015-09-14	0.003421	285.40	287.06	275.87	287.15	14895104
2015-09-11	0.002425	286.09	287.93	282.25	287.26	43547733
2015-09-10	0.007522	288.24	289.64	283.54	291.57	24243161
2015-09-09	-0.031850	279.06	281.95	277.70	280.11	83750213
2015-09-08	0.000221	279.12	282.13	277.02	279.25	33514900
2015-09-07	-0.008738	276.68	282.89	275.51	276.06	11179040
2015-09-04	0.009037	279.18	282.33	275.96	280.73	54623606
2015-09-03	0.001827	279.69	284.75	275.75	279.67	76657578
2015-09-02	-0.003842	278.62	279.00	278.54	278.97	63444281
2015-09-01	-0.008580	276.23	277.84	275.41	277.10	41762884
2015-08-31	-0.028946	268.23	270.09	266.86	270.63	1569067
2015-08-28	0.010541	271.06	273.08	270.46	271.07	66201270
2015-08-27	0.029443	279.04	281.73	274.63	281.20	99453903
2015-08-26	-0.032608	269.94	272.59	268.89	270.72	22816921
2015-08-25	0.014236	273.78	274.48	272.38	276.00	7966635
2015-08-24	-0.044879	261.50	263.85	255.94	262.77	33460149
2015-08-21	-0.019269	256.46	259.38	252.56	254.99	33906799
2015-08-20	-0.010936	253.65	255.89	252.05	255.91	85647708
2015-08-19	-0.036315	244.44	244.84	242.87	244.06	93548969
2015-08-18	-0.004021	243.46	247.84	243.39	243.26	42934772
2015-08-17	-0.017675	239.16	244.60	238.23	238.17	90456552
2015-08-14	-0.050269	227.13	229.39	226.53	226.24	19232598
2015-08-13	-0.013437	224.08	227.71	222.78	224.72	27614063
2015-08-12	0.040246	233.10	234.51	231.19	232.31	45973429
2015-08-11	0.011132	235.69	235.86	232.37	238.64	66278382
2015-08-10	0.001989	236.16	239.59	234.20	236.41	50741231
2015-08-07	0.009178	238.33	239.35	238.16	238.40	68054113
2015-08-06	0.013252	241.49	243.51	238.88	237.99	23784752
2015-08-05	-0.020383	236.57	238.58	236.29	237.88	18673035
2015-08-04	0.021842	241.73	242.35	240.66	241.96	88117443
2015-08-03	0.014299	245.19	245.30	239.23	245.97	54163192
2015-07-31	0.031939	253.02	257.47	251.07	254.27	18969305
2015-07-30	0.012840	256.27	257.29	253.46	255.08	57201870
2015-07-29	0.002241	256.84	260.37	255.62	258.65	65383527
2015-07-28	0.000087	256.87	262.09	256.30	256.06	8790847
2015-07-27	-0.002603	256.20	259.21	252.42	256.21	78346526
2015-07-24	0.012928	259.51	262.65	258.97	261.09	8259147
2015-07-23	0.004809	260.76	263.19	260.48	260.76	89593346
2015-07-22	-0.012874	257.40	264.36	254.45	256.14	30428137
2015-07-21	-0.013367	253.96	255.68	250.71	254.36	92897632
2015-07-20	0.001740	254.40	256.61	253.65	253.19	52180035
2015-07-17	-0.015356	250.50	251.41	248.03	251.29	56869949
2015-07-16	0.009433	252.86	255.25	250.18	251.03	42691992
2015-07-15	0.020214	257.97	260.80	254.71	255.51	10873485
2015-07-14	-0.032915	249.48	251.41	248.60	248.61	67676172
2015-07-13	0.010439	252.08	255.02	250.57	252.73	16021855
2015-07-10	-0.036923	242.78	246.22	240.87	243.12	18238739
2015-07-09	0.034071	251.05	253.20	250.14	251.45	42820377
2015-07-08	-0.004042	250.03	251.13	243.68	249.58	37756950
2015-07-07	0.001648	250.44	252.33	248.93	252.66	60494269
2015-07-06	-0.008095	248.42	248.58	246.01	246.20	45373338
2015-07-03	-0.041469	238.12	240.75	236.66	235.73	5309260
2015-07-02	-0.016649	234.15	236.40	233.89	234.52	60081329
2015-07-01	0.025026	240.01	240.94	238.49	240.83	54652412
2015-06-30	-0.013796	236.70	237.71	236.42	237.91	52214329
2015-06-29	-0.016750	232.74	234.64	231.47	233.66	63613108
2015-06-26	-0.030774	225.57	227.33	225.09	226.01	83045880
2015-06-25	-0.011492	222.98	225.58	220.27	225.00	35473289
2015-06-24	-0.017326	219.12	220.24	217.62	218.73	66346853
2015-06-23	-0.002390	218.59	218.65	215.56	218.82	45309069
2015-06-22	0.002204	219.08	220.80	217.34	218.70	94607841
2015-06-19	-0.025124	213.57	217.90	209.87	213.11	59352152
2015-06-18	0.011867	216.11	218.88	213.24	217.07	86585376
2015-06-17	-0.012163	213.48	215.88	209.39	213.82	61974492
2015-06-16	0.016040	216.90	217.91	213.12	218.60	31971686
2015-06-15	-0.006425	215.51	218.65	214.97	214.87	42108571
2015-06-12	0.007695	217.17	218.68	216.23	217.76	80817468
2015-06-11	-0.022660	212.25	215.35	208.67	211.52	31855244
2015-06-10	-0.007889	210.57	212.16	208.97	210.43	80549699
2015-06-09	0.027688	216.40	218.90	214.09	218.94	75049246
2015-06-08	0.033924	223.74	224.85	223.00	223.23	39521418
2015-06-05	-0.018958	219.50	221.17	215.79	217.69	47577753
2015-06-04	0.019568	223.80	225.65	220.33	220.71	86701665
2015-06-03	0.013061	226.72	227.40	226.51	226.23	64085154
2015-06-02	-0.022000	221.73	223.31	218.35	222.95	80856294
2015-06-01	0.009070	223.74	225.30	222.86	225.55	75202414
2015-05-29	0.023563	229.01	230.63	228.45	228.63	11565289
2015-05-28	-0.005720	227.70	228.65	226.38	228.51	94549563
2015-05-27	0.016147	231.38	232.83	230.26	230.98	99286391
2015-05-26	-0.025071	225.58	227.32	222.11	226.99	80352992
2015-05-25	0.037795	234.11	236.45	229.02	234.66	47858887
2015-05-22	0.015799	237.80	238.86	237.79	237.52	15764358
2015-05-21	-0.014385	234.38	235.08	233.34	234.30	59603282
2015-05-20	0.005144	235.59	238.01	231.70	236.05	89392619
2015-05-19	-0.017691	231.42	233.44	230.34	232.87	11089992
2015-05-18	-0.017554	227.36	229.10	220.99	226.37	95643860
2015-05-15	-0.000595	227.22	228.17	226.54	227.62	83964775
2015-05-14	0.019197	231.59	232.52	227.30	230.61	75736889
2015-05-13	-0.007883	229.76	232.06	228.13	228.79	85381741
2015-05-12	0.011895	232.49	235.07	228.48	233.03	46066312
2015-05-11	0.008117	234.38	235.32	232.88	233.47	68609934
2015-05-08	-0.000110	234.36	235.01	233.45	234.31	36827011
2015-05-07	-0.018719	229.97	231.77	227.48	229.92	8996882
2015-05-06	0.022446	235.13	236.46	234.64	235.82	87517970
2015-05-05	-0.024535	229.36	232.45	227.97	229.00	42252754
2015-05-04	0.007965	231.19	231.83	227.99	231.00	76328907
2015-05-01	-0.036343	222.79	224.36	220.66	222.71	4795782
2015-04-30	0.010451	225.11	225.21	224.68	225.97	67948284
2015-04-29	0.040194	234.16	237.10	232.82	231.65	10645473
2015-04-28	-0.022790	228.83	231.88	226.12	227.63	54053541
2015-04-27	-0.000411	228.73	229.41	227.04	227.63	14667683
2015-04-24	-0.015401	225.21	225.46	224.38	226.27	55104156
2015-04-23	0.007076	226.80	227.37	226.18	224.52	22938903
2015-04-22	-0.023129	221.56	227.51	219.66	221.82	30359373
2015-04-21	0.020065	226.00	226.86	225.44	224.54	44174475
2015-04-20	0.000280	226.07	227.40	225.54	225.43	46610723
2015-04-17	0.009214	228.15	228.91	227.33	230.30	95647041
2015-04-16	0.008580	230.11	232.03	227.56	229.92	27424812
2015-04-15	0.003048	230.81	232.77	228.16	230.49	90401692
2015-04-14	0.027781	237.22	237.59	237.09	237.94	52367071
2015-04-13	0.007077	238.90	240.49	236.21	238.93	9418464
2015-04-10	0.030935	246.29	249.85	244.67	244.87	12295941
2015-04-09	0.029673	253.60	254.74	251.47	253.21	74638918
2015-04-08	-0.006312	252.00	255.49	248.45	252.40	71896966
2015-04-07	-0.011970	248.98	250.71	245.24	247.06	11872354
2015-04-06	-0.018065	244.48	245.93	241.28	246.59	76284301
2015-04-03	-0.007195	242.72	245.02	240.91	240.52	55428040
2015-04-02	0.026450	249.14	249.33	246.75	248.68	98931059
2015-04-01	-0.031339	241.34	244.09	241.30	242.09	92006719
2015-03-31	0.010510	243.87	247.12	243.00	242.53	17557164
2015-03-30	-0.018539	239.35	241.49	238.48	240.24	7820814
2015-03-27	-0.003988	238.40	241.71	236.32	240.41	48817512
2015-03-26	-0.002407	237.82	240.60	237.26	237.41	79321180
2015-03-25	0.047612	249.15	249.84	247.29	248.30	37129446
2015-03-24	0.020202	254.18	254.64	251.01	255.23	34541588
2015-03-23	0.007863	256.18	257.12	253.88	255.40	19889741
2015-03-20	-0.032466	247.86	247.92	247.74	247.42	20004815
2015-03-19	0.033388	256.14	257.80	255.48	255.85	53416356
2015-03-18	0.002753	256.84	260.02	256.71	255.92	66090980
2015-03-17	-0.018579	252.07	254.06	251.60	252.42	46698014
2015-03-16	0.006017	253.59	255.39	251.71	252.30	63231015
2015-03-13	0.026669	260.35	262.30	258.90	255.62	82204159
2015-03-12	-0.024861	253.88	256.58	249.77	256.44	13037332
2015-03-11	-0.002528	253.23	255.12	248.74	254.50	21627528
2015-03-10	-0.001158	252.94	256.86	248.26	252.11	13553324
2015-03-09	-0.028416	245.75	246.29	241.81	246.85	44657792
2015-03-06	-0.014919	242.09	244.92	240.98	243.56	25007914
2015-03-05	-0.000420	241.99	244.38	241.38	241.29	42252488
2015-03-04	-0.010795	239.37	241.84	239.25	237.88	32505746
2015-03-03	-0.012327	236.42	237.99	232.61	236.46	34815507
2015-03-02	0.003569	237.27	240.67	235.94	238.52	65132689
2015-02-27	0.019314	241.85	244.14	240.55	239.93	72725722
2015-02-26	0.013935	245.22	248.05	245.10	244.97	6241090
2015-02-25	0.011316	247.99	248.16	247.18	248.03	16961981
2015-02-24	0.033600	256.33	263.17	254.56	259.27	37648848
2015-02-23	-0.009594	253.87	256.58	252.78	253.69	88288066
2015-02-20	-0.018431	249.19	250.34	248.27	248.09	77004224
2015-02-19	0.015877	253.15	255.43	249.73	253.01	7910143
2015-02-18	0.007436	255.03	255.49	251.87	253.54	55601066
2015-02-17	0.003927	256.03	256.87	252.08	257.23	83411448
2015-02-16	-0.002409	255.41	258.65	253.67	256.93	88876146
2015-02-13	0.015010	259.25	264.24	251.38	258.89	87478467
2015-02-12	0.006851	261.02	262.19	259.76	260.26	77918015
2015-02-11	0.005313	262.41	264.83	261.78	261.53	51704448
2015-02-10	0.021498	268.05	273.05	266.06	268.08	12473290
2015-02-09	0.023189	274.27	274.40	273.49	275.23	76398873
2015-02-06	0.052991	288.80	291.16	286.61	288.25	91393517
2015-02-05	0.022386	295.26	297.48	289.73	296.78	59928778
2015-02-04	-0.003339	294.28	298.88	293.57	294.62	7010026
2015-02-03	-0.006890	292.25	297.21	292.04	293.67	27582256
2015-02-02	0.008977	294.88	296.20	292.19	295.01	41220253
2015-01-30	0.057198	311.74	313.04	311.30	314.07	10615244
2015-01-29	0.023203	318.97	324.88	317.14	318.39	77742665
2015-01-28	0.009530	322.01	322.71	317.11	321.90	74746835
2015-01-27	0.023426	329.56	331.11	323.57	327.60	78764882
2015-01-26	-0.040965	316.06	316.97	312.89	315.02	76006682
2015-01-23	0.007655	318.48	322.43	317.44	319.03	8691126
2015-01-22	0.000706	318.70	320.84	317.53	319.55	82834725
2015-01-21	0.013943	323.15	324.75	320.57	323.66	57074795
2015-01-20	-0.046293	308.19	310.94	301.98	308.62	92731895
2015-01-19	-0.007609	305.84	310.22	304.36	304.54	27211407
2015-01-16	-0.003545	304.76	305.51	303.41	305.98	8021489
2015-01-15	-0.017422	299.45	304.36	299.01	298.07	52531295
2015-01-14	0.024903	306.91	308.20	306.15	306.55	40438106
2015-01-13	0.005012	308.44	310.81	306.01	309.61	4553287
2015-01-12	-0.011640	304.85	308.80	298.51	304.89	73951284
2015-01-09	-0.010206	301.74	304.71	300.18	300.84	43579114
2015-01-08	-0.011342	298.32	302.18	296.92	298.35	37378803
2015-01-07	0.000913	298.59	301.77	297.01	301.44	72744455
2015-01-06	-0.011520	295.15	297.86	294.65	296.34	56034778
2015-01-05	-0.001349	294.75	294.96	293.75	296.71	16741037
2015-01-02	-0.017279	289.66	290.71	286.05	289.52	57621824
2015-01-01	-0.033814	279.87	282.82	275.77	281.30	4870793
2014-12-31	0.003622	280.88	284.14	280.53	277.57	70773462
2014-12-30	0.013642	284.71	285.31	281.60	286.20	23866048
2014-12-29	-0.026251	277.24	277.30	274.36	279.74	54130003
2014-12-26	0.008841	279.69	282.79	278.33	279.52	58043448
2014-12-25	0.024291	286.48	291.74	286.45	287.48	99728486
2014-12-24	-0.038187	275.54	276.75	274.90	273.88	5865462
2014-12-23	-0.000632	275.37	278.45	272.58	275.39	5795509
2014-12-22	0.039004	286.11	289.08	285.26	286.10	80680361
2014-12-19	0.037114	296.73	303.08	294.73	297.79	36139893
2014-12-18	0.007801	299.04	299.89	294.01	299.19	87415060
2014-12-17	0.045920	312.77	312.98	311.02	310.40	11518337
2014-12-16	0.011267	316.30	318.83	313.94	316.70	57711324
2014-12-15	0.034800	327.31	330.49	326.84	326.92	30892354
2014-12-12	-0.007665	324.80	326.05	320.10	325.99	71835839
2014-12-11	0.020697	331.52	332.21	329.05	332.07	71695333
2014-12-10	0.043510	345.94	347.97	344.14	347.08	56559881
2014-12-09	0.001156	346.34	351.39	340.41	346.66	81470580
2014-12-08	-0.008414	343.43	346.50	340.23	342.33	85681960
2014-12-05	0.001950	344.10	350.17	341.10	347.50	66517440
2014-12-04	-0.014553	339.09	339.73	333.83	342.46	32159695
2014-12-03	0.020506	346.04	348.29	338.79	344.30	55886536
2014-12-02	0.023064	354.03	361.98	353.80	353.95	76798489
2014-12-01	0.011938	358.25	359.54	355.14	359.47	34221470
2014-11-28	-0.008788	355.10	356.79	352.37	352.74	70285602
2014-11-27	-0.019317	348.24	350.03	345.58	351.38	59892123
2014-11-26	-0.009876	344.80	349.43	341.54	345.49	82405266
2014-11-25	-0.021177	337.50	340.17	332.57	335.80	69432325
2014-11-24	-0.012103	333.42	333.74	331.65	329.83	30515674
2014-11-21	-0.008280	330.66	332.26	330.50	332.12	96786588
2014-11-20	-0.002517	329.83	330.83	327.29	327.41	40247862
2014-11-19	0.012933	334.09	343.04	329.84	333.83	80060923
2014-11-18	-0.004168	332.70	337.58	329.41	332.54	8620732
2014-11-17	0.010785	336.29	339.22	335.26	332.43	78335118
2014-11-14	0.028939	346.02	351.75	345.96	343.61	81244166
2014-11-13	0.034345	357.90	362.72	354.81	359.21	74410582
2014-11-12	-0.008796	354.75	355.54	350.96	355.72	76096409
2014-11-11	-0.025495	345.71	346.71	343.93	344.04	43403872
2014-11-10	0.007080	348.16	352.45	342.99	350.65	40991318
2014-11-07	-0.033353	336.55	337.96	333.83	334.54	61015198
2014-11-06	0.028144	346.02	346.82	340.60	346.46	92939910
2014-11-05	-0.021767	338.49	339.59	331.02	339.18	92812292
2014-11-04	-0.015211	333.34	340.43	331.34	333.58	95275644
2014-11-03	-0.016195	327.94	331.35	327.47	325.58	10246530
2014-10-31	0.007871	330.52	336.44	325.19	333.23	83852357
2014-10-30	-0.016671	325.01	327.40	322.87	328.12	88673879
2014-10-29	-0.014959	320.15	324.36	319.39	318.11	61365576
2014-10-28	-0.010026	316.94	317.54	315.53	317.13	18736644
2014-10-27	0.002038	317.58	319.02	317.11	317.49	99394230
2014-10-24	-0.011540	313.92	315.94	313.73	315.12	21921522
2014-10-23	0.020563	320.37	326.02	320.16	317.33	36997713
2014-10-22	-0.018331	314.50	315.07	314.32	314.11	30280768
2014-10-21	-0.022900	307.30	309.33	306.28	306.45	8548275
2014-10-20	0.027334	315.70	316.18	313.04	316.45	35441208
2014-10-17	0.051103	331.83	334.03	331.31	332.30	38218422
2014-10-16	0.000339	331.94	335.68	330.37	335.07	90677874
2014-10-15	0.013617	336.46	336.65	335.64	336.85	96096488
2014-10-14	-0.007442	333.96	335.82	333.25	335.76	42297679
2014-10-13	0.017299	339.74	340.70	336.50	337.87	37770029
2014-10-10	0.012801	344.09	350.92	340.90	345.53	77881350
2014-10-09	0.003140	345.17	347.43	342.29	347.13	88111477
2014-10-08	0.006235	347.32	352.81	343.81	347.93	51320977
2014-10-07	-0.020856	340.08	340.78	338.25	343.89	11390632
2014-10-06	-0.041416	325.99	326.68	323.49	328.55	8867079
2014-10-03	0.018768	332.11	339.15	328.73	331.09	86349373
2014-10-02	0.003980	333.43	337.99	331.93	333.93	93361955
2014-10-01	0.013238	337.84	340.27	333.88	339.85	47661524
2014-09-30	0.027824	347.24	348.02	342.45	346.29	5877250
2014-09-29	0.021129	354.58	359.25	348.61	352.46	68890920
2014-09-26	0.014282	359.65	361.14	356.03	360.01	80603200
2014-09-25	-0.016148	353.84	354.61	346.90	354.42	25505884
2014-09-24	0.023189	362.04	362.22	357.70	363.00	15210360
2014-09-23	0.019470	369.09	373.80	367.35	366.64	8876623
2014-09-22	-0.009298	365.66	371.21	363.84	367.55	57027466
2014-09-19	0.025990	375.16	376.17	368.31	376.98	90829226
2014-09-18	-0.008804	371.86	372.59	370.92	370.19	65007774
2014-09-17	-0.000707	371.60	373.67	370.62	372.57	19135526
2014-09-16	0.015106	377.21	381.46	374.54	377.20	26299549
2014-09-15	0.022013	385.52	386.66	384.09	384.53	71529778
2014-09-12	-0.031304	373.45	376.35	370.06	374.29	32832861
2014-09-11	-0.022086	365.20	370.12	364.09	365.87	10821225
2014-09-10	0.016837	371.35	371.78	369.59	368.47	50459484
2014-09-09	0.003630	372.70	373.99	372.63	372.44	20960502
2014-09-08	0.042630	388.58	390.73	386.00	388.04	93846082
2014-09-05	-0.024225	379.17	383.04	375.23	380.67	10825107
2014-09-04	0.028929	390.14	395.74	389.90	390.59	73388857
2014-09-03	-0.007928	387.05	394.91	383.21	387.85	71427948
2014-09-02	-0.020532	379.10	381.61	369.54	381.53	36228091
2014-09-01	0.020975	387.05	387.14	382.39	383.27	59845123
2014-08-29	-0.001216	386.58	390.21	384.15	386.05	28893168
2014-08-28	0.005819	388.83	391.33	386.70	387.34	28330185
2014-08-27	-0.005346	386.75	388.96	385.40	385.28	28464062
2014-08-26	0.043459	403.56	404.37	399.19	406.83	89779205
2014-08-25	-0.023951	393.89	397.05	393.64	394.08	65792865
2014-08-22	0.006141	396.31	404.41	393.58	400.49	72687998
2014-08-21	0.007721	399.37	399.65	396.13	399.27	3029364
2014-08-20	-0.011458	394.80	398.52	391.98	397.15	16602618
2014-08-19	0.009005	398.35	400.85	394.96	395.73	44206620
2014-08-18	-0.028939	386.82	389.15	386.00	384.94	89542556
2014-08-15	0.047518	405.21	414.38	402.66	408.52	95677208
2014-08-14	-0.032426	392.07	396.99	390.46	392.94	40660165
2014-08-13	-0.019646	384.36	387.46	381.48	387.96	62345595
2014-08-12	-0.011617	379.90	380.16	379.75	382.69	67316278
2014-08-11	-0.046417	362.26	366.85	360.56	361.83	78445408
2014-08-08	-0.006529	359.90	361.39	358.41	357.72	63011462
2014-08-07	0.002447	360.78	366.14	359.69	363.68	11671051
2014-08-06	0.025563	370.00	372.86	369.27	369.29	2527803
2014-08-05	0.013471	374.99	378.83	373.63	374.47	22556173
2014-08-04	0.008126	378.03	380.32	375.37	373.53	67964390
2014-08-01	0.014656	383.57	387.36	378.88	382.38	16444446
2014-07-31	0.000422	383.74	384.63	382.71	382.16	37931666
2014-07-30	-0.003883	382.25	389.06	381.65	383.22	31624113
2014-07-29	0.031251	394.19	401.49	392.68	391.99	84126629
2014-07-28	0.002074	395.01	400.45	387.02	396.85	31965243
2014-07-25	0.046885	413.53	417.08	412.18	414.61	47132843
2014-07-24	0.012402	418.66	418.91	414.40	412.80	67848595
2014-07-23	-0.004138	416.93	429.37	414.23	417.91	67119791
2014-07-22	0.037644	432.62	435.80	430.05	431.42	93900333
2014-07-21	0.023472	442.77	446.99	437.48	447.86	28420869
2014-07-18	-0.001722	442.01	443.71	438.48	443.28	87884784
2014-07-17	-0.000014	442.01	442.07	441.82	443.66	73640154
2014-07-16	0.018649	450.25	452.09	447.41	443.25	6017462
2014-07-15	-0.029142	437.13	437.61	436.65	435.84	43086559
2014-07-14	-0.004597	435.12	435.15	425.68	432.99	41039411
2014-07-11	0.012758	440.67	445.89	436.65	438.19	35412644
2014-07-10	-0.023721	430.22	431.20	426.53	426.88	5617685
2014-07-09	-0.004871	428.12	430.46	425.45	427.08	14148364
2014-07-08	0.007394	431.29	437.64	429.75	429.92	41296089
2014-07-07	0.023355	441.36	442.81	433.10	439.64	8937240
2014-07-04	0.003885	443.07	450.69	438.98	444.22	71236091
2014-07-03	0.011332	448.09	448.65	443.58	450.27	61171729
2014-07-02	-0.005237	445.75	451.80	445.18	444.33	1663982
2014-07-01	-0.005921	443.11	443.71	438.26	443.28	6555972
2014-06-30	0.011712	448.30	449.89	446.80	451.31	57043484
2014-06-27	0.034856	463.92	471.12	455.22	462.36	26995696
2014-06-26	0.015962	471.33	474.78	470.00	470.74	73747029
2014-06-25	0.014910	478.36	479.42	472.85	479.57	50467219
2014-06-24	-0.012646	472.31	483.69	471.68	469.33	2966297
2014-06-23	0.006368	475.32	479.53	472.33	479.04	77686287
2014-06-20	-0.021572	465.06	468.19	464.26	462.71	29309020
2014-06-19	-0.022481	454.61	457.90	452.75	454.82	5333400
2014-06-18	-0.008316	450.83	456.36	448.53	450.24	87971931
2014-06-17	-0.010850	445.94	453.00	443.62	446.38	78768696
2014-06-16	-0.032665	431.37	437.40	429.48	430.96	6131356
2014-06-13	0.017380	438.87	446.29	436.51	437.96	82337565
2014-06-12	-0.020440	429.90	431.32	425.53	428.36	61517080
2014-06-11	-0.002142	428.97	429.86	427.68	428.95	56449361
2014-06-10	0.004652	430.97	440.05	429.32	433.23	55374662
2014-06-09	-0.028913	418.51	420.30	417.58	417.77	40055982
2014-06-06	-0.004632	416.57	419.00	403.89	415.50	17158341
2014-06-05	-0.001249	416.05	416.84	413.40	418.18	65111296
2014-06-04	-0.009724	412.00	422.10	406.72	411.52	70561397
2014-06-03	-0.001187	411.52	412.69	410.29	412.59	43743671
2014-06-02	0.018919	419.30	420.39	415.74	415.24	82249555
2014-05-30	0.010326	423.63	426.64	422.41	426.35	87405795
2014-05-29	0.007848	426.96	427.68	426.47	423.65	91179497
2014-05-28	-0.036250	411.48	413.38	407.76	413.17	49760608
2014-05-27	-0.013924	405.75	409.81	398.67	406.56	51975196
2014-05-26	0.014691	411.71	417.10	410.49	414.53	42077322
2014-05-23	-0.008114	408.37	410.41	403.44	405.95	76242890
2014-05-22	0.013999	414.09	419.00	408.07	416.81	68783771
2014-05-21	-0.019467	406.02	406.83	402.07	407.65	75088142
2014-05-20	-0.016462	399.34	402.23	393.48	399.29	90862367
2014-05-19	0.020080	407.36	413.87	406.14	408.64	27984011
2014-05-16	-0.007296	404.39	406.34	404.25	405.46	74270292
2014-05-15	-0.006932	401.58	412.72	393.81	400.48	38944740
2014-05-14	0.048009	420.86	420.90	419.71	419.68	5962668
2014-05-13	-0.008721	417.19	420.48	414.82	417.83	45073666
2014-05-12	0.011669	422.06	422.91	417.93	421.79	71063635
2014-05-09	-0.008222	418.59	421.07	416.01	420.82	78017710
2014-05-08	-0.014777	412.41	415.58	409.85	411.87	19795812
2014-05-07	0.011957	417.34	423.28	413.57	417.79	75667534
2014-05-06	0.013671	423.04	425.36	420.21	427.12	76443436
2014-05-05	0.011011	427.70	433.72	425.73	429.13	1435660
2014-05-02	-0.030089	414.83	420.73	411.53	415.21	40909034
2014-05-01	0.046792	434.24	440.17	427.98	433.60	99782518
2014-04-30	0.006643	437.13	444.02	436.64	438.59	14755586
2014-04-29	-0.029464	424.25	425.07	420.79	422.95	37738925
2014-04-28	0.016323	431.17	431.33	425.74	429.58	70032345
2014-04-25	0.032077	445.00	450.22	443.00	446.72	28304725
2014-04-24	-0.009727	440.67	443.55	439.00	439.30	99878126
2014-04-23	-0.021230	431.32	439.03	428.75	430.03	87905267
2014-04-22	0.020285	440.07	448.03	437.67	437.14	36020505
2014-04-21	-0.000866	439.69	442.62	434.25	439.90	44986651
2014-04-18	0.007282	442.89	452.58	437.14	442.45	27686787
2014-04-17	0.029775	456.08	456.41	453.99	454.64	45455442
2014-04-16	0.008040	459.74	463.17	457.91	462.69	25206750
2014-04-15	-0.014699	452.99	457.35	446.44	454.19	57241668
2014-04-14	-0.009203	448.82	449.62	445.74	451.16	36662969
2014-04-11	0.023773	459.49	462.89	450.81	456.13	14157050
2014-04-10	0.000256	459.60	461.88	459.53	460.48	33712844
2014-04-09	0.035061	475.72	477.98	472.48	477.68	81348819
2014-04-08	0.005113	478.15	484.06	471.59	478.44	94605718
2014-04-07	0.010478	483.16	488.07	482.42	482.77	63340227
2014-04-04	0.007886	486.97	493.39	477.48	488.05	35203644
2014-04-03	-0.010938	481.64	485.91	478.37	480.32	22303750
2014-04-02	0.019289	490.94	493.67	490.34	494.39	41367383
2014-04-01	0.015202	498.40	498.57	496.54	501.74	58749627
2014-03-31	-0.017215	489.82	492.60	487.69	487.65	42045013
2014-03-28	-0.016572	481.70	482.74	470.48	479.53	58471687
2014-03-27	0.005451	484.33	487.13	476.97	486.06	81616414
2014-03-26	-0.004400	482.20	491.17	481.63	484.80	2527318
2014-03-25	-0.013194	475.83	483.17	465.48	472.96	94124300
2014-03-24	-0.016110	468.17	470.46	461.55	464.36	8771579
2014-03-21	0.001357	468.80	473.68	465.75	466.02	17584641
2014-03-20	-0.034717	452.53	454.54	449.30	453.22	33899772
2014-03-19	-0.025015	441.21	442.62	436.76	438.13	96188946
2014-03-18	-0.023225	430.96	432.85	429.65	428.36	72601510
2014-03-17	-0.011266	426.11	430.07	421.81	426.64	12920437
2014-03-14	0.017466	433.55	434.73	430.42	429.78	79381160
2014-03-13	-0.033514	419.02	420.77	416.40	418.13	4206121
2014-03-12	-0.030966	406.04	409.04	401.95	402.54	65436146
2014-03-11	0.032410	419.20	421.41	411.92	421.26	93709088
2014-03-10	-0.028379	407.31	412.58	405.99	407.61	7430719
2014-03-07	-0.011235	402.73	404.95	400.40	400.72	14522643
2014-03-06	0.003965	404.33	406.03	399.29	406.05	24225995
2014-03-05	0.000581	404.56	404.69	401.29	402.73	56942945
2014-03-04	-0.006161	402.07	402.54	400.11	402.32	43715854
2014-03-03	-0.042476	384.99	387.99	380.35	384.54	66992312
2014-02-28	0.014487	390.57	404.17	382.74	387.50	20390342
2014-02-27	-0.032204	377.99	379.22	377.01	378.61	60778733
2014-02-26	-0.035713	364.49	365.53	358.57	364.16	11254162
2014-02-25	-0.005705	362.41	362.61	357.17	360.82	16012703
2014-02-24	0.002654	363.37	364.81	362.78	365.82	52329839
2014-02-21	-0.038416	349.42	349.64	345.35	349.82	45116016
2014-02-20	-0.011573	345.37	354.62	340.07	343.07	99801360
2014-02-19	0.016033	350.91	352.09	347.19	349.40	61989263
2014-02-18	-0.034782	338.70	341.34	334.68	339.34	27226060
2014-02-17	0.018129	344.84	346.44	341.18	346.15	89718047
2014-02-14	0.004111	346.26	351.17	342.60	343.72	32855020
2014-02-13	0.028099	355.99	358.75	354.94	355.06	84777806
2014-02-12	0.020853	363.41	366.11	358.83	362.47	74539715
2014-02-11	0.003854	364.81	370.30	364.42	364.69	37892755
2014-02-10	-0.014548	359.51	361.24	357.67	361.72	64217102
2014-02-07	-0.004503	357.89	360.55	356.60	360.82	16311641
2014-02-06	0.024759	366.75	371.08	360.92	364.81	43277418
2014-02-05	0.021093	374.49	376.81	369.07	371.89	48393434
2014-02-04	0.023679	383.35	386.15	379.65	382.90	25661978
2014-02-03	-0.012926	378.40	384.00	375.34	380.56	34315809
2014-01-31	0.021038	386.36	388.46	383.74	382.28	59644755
2014-01-30	0.010951	390.59	393.02	382.97	388.45	34566252
2014-01-29	-0.006096	388.21	393.85	385.02	390.16	15330352
2014-01-28	0.000363	388.35	389.25	387.52	389.36	71455992
2014-01-27	-0.005331	386.28	388.62	382.57	386.21	29648805
2014-01-24	0.020169	394.07	397.77	391.57	395.96	10297388
2014-01-23	0.026665	404.58	410.89	401.41	408.26	55551560
2014-01-22	0.017453	411.64	412.67	410.91	413.87	40261778
2014-01-21	0.005686	413.98	415.67	410.73	411.19	94999088
2014-01-20	0.018574	421.67	423.68	420.74	424.30	80985294
2014-01-17	-0.013253	416.08	423.07	415.68	414.72	68401782
2014-01-16	-0.037844	400.33	405.89	394.72	401.30	60578080
2014-01-15	-0.014538	394.51	398.13	392.18	395.28	45895301
2014-01-14	-0.002381	393.57	393.85	392.07	395.80	9660051
2014-01-13	-0.012760	388.55	389.30	386.41	388.36	20442880
2014-01-10	-0.004949	386.63	388.03	382.80	387.82	34962952
2014-01-09	-0.017356	379.92	381.77	378.36	378.61	92337251
2014-01-08	-0.010818	375.81	380.92	372.64	375.49	88313475
2014-01-07	-0.013721	370.65	371.91	366.52	368.05	52446137
2014-01-06	0.021352	378.57	380.28	375.17	376.39	18957752
2014-01-03	-0.008133	375.49	381.18	373.53	376.57	55250084
2014-01-02	0.002374	376.38	383.91	371.75	371.74	43801462
