2016-01-01	-0.025865	201.87	202.56	199.74	203.38	93703758
2015-12-31	0.024698	206.85	207.43	205.03	205.51	63489661
2015-12-30	-0.031085	200.42	203.26	197.56	201.51	23533400
2015-12-29	0.007181	201.86	205.35	201.14	202.12	57591763
2015-12-28	0.007128	203.30	204.55	202.22	200.63	30334594
2015-12-25	-0.014143	200.42	203.33	197.85	200.59	47267167
2015-12-24	0.040684	208.58	210.37	205.66	209.07	94522980
2015-12-23	-0.020931	204.21	204.56	201.93	203.08	48814243
2015-12-22	0.026301	209.58	210.66	207.06	210.03	44247484
2015-12-21	0.001894	209.98	214.03	207.98	211.56	15258419
2015-12-18	-0.020063	205.77	207.54	203.37	204.68	51391868
2015-12-17	-0.008362	204.05	204.37	203.63	205.10	76145540
2015-12-16	0.013416	206.78	207.86	205.41	208.06	85015105
2015-12-15	0.019567	210.83	214.41	206.14	211.80	76472187
2015-12-14	0.057416	222.94	225.85	221.38	224.66	21475220
2015-12-11	0.017016	226.73	227.29	225.70	227.77	98730105
2015-12-10	-0.026368	220.75	222.64	217.58	222.68	30803754
2015-12-09	-0.020855	216.15	217.73	212.81	214.59	88348496
2015-12-08	0.017612	219.95	220.09	217.57	220.10	68728981
2015-12-07	-0.003378	219.21	219.77	217.13	219.22	86026214
2015-12-04	0.021376	223.90	227.47	222.46	223.01	77893469
2015-12-03	0.002763	224.52	226.45	221.18	225.25	68529216
2015-12-02	-0.017455	220.60	221.69	219.11	220.69	23022074
2015-12-01	0.016152	224.16	227.92	223.13	224.92	84422824
2015-11-30	0.053895	236.24	238.59	234.45	236.47	98616840
2015-11-27	-0.014054	232.92	234.44	230.88	232.88	6168058
2015-11-26	-0.011200	230.31	233.24	229.42	227.86	83898377
2015-11-25	-0.012397	227.46	229.47	227.44	225.99	31952490
2015-11-24	0.013106	230.44	233.47	229.53	230.41	91722740
2015-11-23	-0.005033	229.28	231.35	225.72	227.22	70399416
2015-11-20	-0.009870	227.01	228.72	224.25	227.10	28785861
2015-11-19	0.012644	229.88	232.22	227.73	228.57	36341958
2015-11-18	0.015410	233.43	234.74	230.36	232.54	55825892
2015-11-17	0.035715	241.76	248.95	241.65	238.27	81118982
2015-11-16	-0.033633	233.63	240.00	232.35	232.80	59786871
2015-11-13	0.014911	237.12	240.56	234.61	234.33	7400045
2015-11-12	0.004470	238.18	239.26	238.08	239.93	16191147
2015-11-11	0.000868	238.38	240.44	238.17	239.23	21678180
2015-11-10	0.004527	239.46	240.42	238.31	239.12	20494474
2015-11-09	0.009127	241.65	244.83	241.38	239.30	1647208
2015-11-06	0.003749	242.55	243.57	241.40	244.40	86530475
2015-11-05	0.007750	244.43	246.46	244.04	243.62	42188127
2015-11-04	-0.003938	243.47	244.72	240.95	243.14	40392530
2015-11-03	0.003177	244.24	245.48	241.71	244.55	54360734
2015-11-02	-0.004521	243.14	244.45	240.27	243.42	8904663
2015-10-30	-0.018139	238.73	239.97	238.28	239.11	80904759
2015-10-29	-0.018057	234.42	236.05	233.07	236.71	62494149
2015-10-28	0.017443	238.51	240.80	235.68	239.71	94441462
2015-10-27	-0.009939	236.14	237.21	235.57	237.03	52737277
2015-10-26	-0.030409	228.96	229.36	227.18	227.11	7703193
2015-10-23	-0.015467	225.42	229.70	223.35	226.78	22086110
2015-10-22	-0.039765	216.45	216.77	215.97	218.20	22454421
2015-10-21	-0.020280	212.06	213.94	210.42	212.03	26597600
2015-10-20	0.011275	214.45	214.74	211.97	214.48	32456723
2015-10-19	-0.022610	209.61	210.02	207.35	208.41	28916691
2015-10-16	-0.037645	201.71	202.16	198.06	200.42	62079126
2015-10-15	-0.003937	200.92	201.52	198.47	200.94	18201960
2015-10-14	0.003835	201.69	201.81	198.36	202.25	52591389
2015-10-13	0.007332	203.17	203.47	200.87	203.20	97733424
2015-10-12	0.000010	203.17	205.63	200.93	204.52	13197019
2015-10-09	0.004603	204.11	208.21	203.10	203.90	25961827
2015-10-08	0.009847	206.12	206.23	205.86	206.52	18597535
2015-10-07	0.035549	213.44	214.64	212.23	214.66	2706041
2015-10-06	0.020325	217.78	219.62	214.98	219.20	20280437
2015-10-05	0.025395	223.31	229.41	223.14	223.10	19646517
2015-10-02	-0.039428	214.51	215.06	212.01	213.86	8496981
2015-10-01	-0.033408	207.34	209.88	207.28	207.13	2083784
2015-09-30	0.028646	213.28	216.08	212.38	212.78	43537905
2015-09-29	0.045308	222.94	224.75	217.80	223.63	27824187
2015-09-28	-0.030913	216.05	216.42	212.25	214.42	37754931
2015-09-25	-0.022193	211.26	211.72	209.50	211.43	14645125
2015-09-24	0.005126	212.34	214.03	210.55	212.82	46839261
2015-09-23	0.004490	213.29	216.37	210.36	214.12	2224911
2015-09-22	0.018696	217.28	219.79	215.26	216.82	90809930
2015-09-21	-0.017672	213.44	214.16	207.60	213.76	71968578
2015-09-18	0.002718	214.02	215.75	213.99	213.56	94160858
2015-09-17	-0.001483	213.70	216.63	212.19	214.26	78578518
2015-09-16	-0.012988	210.93	212.03	209.48	210.25	68624259
2015-09-15	0.009787	212.99	213.02	209.41	214.10	68294033
2015-09-14	0.008306	214.76	219.05	214.03	214.40	61987852
2015-09-11	-0.020953	210.26	211.05	208.93	207.46	18118450
2015-09-10	0.012489	212.89	214.94	209.17	213.30	70413242
2015-09-09	0.021523	217.47	217.76	212.90	217.48	12473008
2015-09-08	0.001472	217.79	222.99	215.84	217.15	89997566
2015-09-07	0.029561	224.23	226.75	224.03	223.74	53070453
2015-09-04	0.001892	224.65	225.58	221.95	223.76	28281304
2015-09-03	0.002733	225.27	229.90	224.48	224.24	97144411
2015-09-02	-0.035994	217.16	219.63	215.48	215.66	72543728
2015-09-01	0.012199	219.81	222.11	219.78	219.93	11364495
2015-08-31	-0.021114	215.17	217.72	214.09	215.54	29829597
2015-08-28	0.003733	215.97	217.23	212.90	216.09	75416379
2015-08-27	0.027046	221.81	226.43	221.32	222.02	28674752
2015-08-26	-0.009798	219.64	220.70	217.37	218.88	4809569
2015-08-25	0.028779	225.96	227.07	222.86	227.25	10399108
2015-08-24	0.000481	226.07	228.49	223.88	226.22	30500552
2015-08-21	-0.014269	222.84	224.33	219.31	221.74	50176299
2015-08-20	-0.007278	221.22	222.71	219.08	221.71	56138819
2015-08-19	0.019512	225.54	225.81	225.22	226.47	90620325
2015-08-18	0.028715	232.01	232.12	229.40	232.80	38031641
2015-08-17	0.039901	241.27	242.61	236.39	241.88	46401106
2015-08-14	-0.052167	228.68	229.82	228.30	227.82	84830218
2015-08-13	-0.005387	227.45	230.96	223.30	229.00	97659281
2015-08-12	0.004416	228.46	231.89	226.47	227.10	95465633
2015-08-11	-0.008999	226.40	227.46	224.34	228.54	75926971
2015-08-10	0.020695	231.09	233.79	230.96	231.02	43418233
2015-08-07	0.016793	234.97	235.70	232.31	235.21	34689443
2015-08-06	-0.003996	234.03	239.05	231.40	232.64	18790023
2015-08-05	-0.030161	226.97	227.82	225.86	226.75	30739079
2015-08-04	0.012039	229.70	234.32	225.94	229.65	81917835
2015-08-03	-0.003594	228.88	230.47	227.69	229.40	67587866
2015-07-31	0.024655	234.52	238.78	233.80	236.86	14806561
2015-07-30	0.008257	236.46	237.58	235.39	235.70	97940727
2015-07-29	-0.019030	231.96	233.40	231.67	231.27	86076212
2015-07-28	-0.007920	230.12	230.98	229.56	230.09	10109602
2015-07-27	0.027155	236.37	238.96	236.10	234.48	66345012
2015-07-24	0.016433	240.25	245.00	239.09	240.31	19085350
2015-07-23	0.003506	241.09	244.11	237.99	240.45	95809065
2015-07-22	0.000098	241.12	244.02	239.79	241.47	58422095
2015-07-21	0.019892	245.91	246.57	240.82	243.71	1897713
2015-07-20	0.027369	252.64	254.14	248.59	254.13	22626634
2015-07-17	0.002672	253.32	257.44	246.92	252.83	67528026
2015-07-16	-0.003404	252.46	252.91	251.85	252.66	72662305
2015-07-15	0.002618	253.12	253.30	251.80	252.68	84433690
2015-07-14	-0.030681	245.35	245.91	243.52	245.19	3880410
2015-07-13	-0.028879	238.27	240.21	238.11	239.95	23279043
2015-07-10	-0.016209	234.40	235.83	232.20	234.47	90162089
2015-07-09	0.033881	242.35	242.98	240.48	241.76	99637115
2015-07-08	0.036994	251.31	251.52	250.58	249.24	39454869
2015-07-07	0.015345	255.17	257.74	248.13	253.49	39488032
2015-07-06	0.020789	260.47	261.19	256.24	260.28	45389556
2015-07-03	0.017712	265.09	269.11	264.86	265.47	53500058
2015-07-02	0.011181	268.05	268.64	264.12	266.41	73729687
2015-07-01	0.015137	272.11	273.47	267.63	271.23	73921158
2015-06-30	-0.039488	261.36	263.06	258.28	262.79	85550048
2015-06-29	-0.001323	261.02	261.24	258.00	260.03	53609776
2015-06-26	-0.040489	250.45	253.16	249.31	251.76	40893099
2015-06-25	0.033025	258.72	260.21	258.26	260.46	25982732
2015-06-24	0.002092	259.26	260.58	257.96	258.85	2109687
2015-06-23	0.000587	259.41	263.13	256.48	262.00	39310548
2015-06-22	-0.008164	257.30	258.26	257.00	257.41	34354543
2015-06-19	0.021594	262.85	263.29	260.24	261.61	98365074
2015-06-18	-0.001127	262.56	264.04	258.76	264.33	92478632
2015-06-17	-0.029287	254.87	255.49	251.74	256.54	89931674
2015-06-16	-0.033954	246.21	246.27	244.67	243.42	72812498
2015-06-15	0.005277	247.51	251.11	246.46	249.75	83105794
2015-06-12	-0.001446	247.15	249.30	245.12	248.45	30736621
2015-06-11	-0.038030	237.75	243.23	236.39	237.95	99325386
2015-06-10	-0.008337	235.77	235.95	231.81	236.04	98583792
2015-06-09	0.010388	238.22	240.41	236.99	239.89	39685484
2015-06-08	-0.012493	235.25	237.86	232.57	233.44	85216145
2015-06-05	-0.000670	235.09	237.31	233.17	233.59	22481111
2015-06-04	-0.000272	235.02	236.09	232.84	233.56	50203280
2015-06-03	0.020752	239.90	242.30	237.03	240.69	93476254
2015-06-02	0.003046	240.63	241.46	236.28	241.13	93700686
2015-06-01	-0.005449	239.32	239.89	238.15	238.76	36971536
2015-05-29	-0.013952	235.98	237.04	234.62	236.02	68690881
2015-05-28	-0.013720	232.74	234.58	232.45	232.68	46211291
2015-05-27	-0.017176	228.75	230.69	225.12	231.82	91632900
2015-05-26	0.028151	235.19	235.97	231.97	235.51	5024362
2015-05-25	0.012999	238.24	238.47	233.67	236.24	32455660
2015-05-22	-0.023742	232.59	235.98	230.56	233.15	23332964
2015-05-21	-0.013890	229.36	230.98	225.81	230.17	43866698
2015-05-20	0.003514	230.16	231.90	229.48	230.32	32978064
2015-05-19	-0.008702	228.16	229.07	225.86	227.88	16021078
2015-05-18	0.008570	230.11	234.55	229.86	230.80	46627840
2015-05-15	0.002402	230.67	233.14	229.32	233.03	39178347
2015-05-14	-0.032923	223.07	225.20	217.90	224.31	23644851
2015-05-13	0.005362	224.27	224.40	221.44	223.26	96829546
2015-05-12	0.020097	228.78	231.08	228.59	228.15	84261341
2015-05-11	-0.046193	218.21	219.49	216.67	218.06	45398025
2015-05-08	0.006029	219.52	220.55	219.20	219.81	92521549
2015-05-07	0.019436	223.79	224.81	219.66	222.77	36493939
2015-05-06	-0.001671	223.42	224.82	221.32	221.86	32917008
2015-05-05	0.006151	224.79	225.53	224.38	224.50	5486261
2015-05-04	0.003076	225.48	225.58	224.96	224.39	38198196
2015-05-01	0.000176	225.52	227.06	222.96	225.33	5878102
2015-04-30	-0.006579	224.04	224.25	219.81	222.00	58318750
2015-04-29	-0.024477	218.55	221.53	215.93	216.60	26721500
2015-04-28	0.040415	227.39	230.39	225.54	229.14	64353868
2015-04-27	-0.023309	222.09	225.27	219.97	221.24	67163027
2015-04-24	0.020327	226.60	228.42	225.57	227.17	44244671
2015-04-23	0.000040	226.61	231.70	221.39	225.44	47875676
2015-04-22	-0.033676	218.98	218.98	218.06	217.28	49942924
2015-04-21	-0.042145	209.75	210.21	208.21	211.61	37122800
2015-04-20	0.005013	210.80	210.91	205.10	212.93	53616403
2015-04-17	0.014455	213.85	215.89	212.28	213.73	6033890
2015-04-16	0.013659	216.77	216.93	215.26	218.53	82257393
2015-04-15	-0.007027	215.25	215.84	213.99	215.89	95825454
2015-04-14	-0.017348	211.51	214.43	207.89	211.42	69726565
2015-04-13	-0.002044	211.08	214.94	210.81	210.24	40676070
2015-04-10	0.031689	217.77	218.67	215.79	216.89	78325663
2015-04-09	0.004709	218.79	219.20	217.74	218.92	11408663
2015-04-08	-0.012352	216.09	220.50	215.72	216.30	4275857
2015-04-07	-0.020493	211.66	212.70	211.38	212.45	44918332
2015-04-06	0.016825	215.22	219.45	214.80	215.59	36054707
2015-04-03	0.022099	219.98	220.30	218.34	220.43	17605289
2015-04-02	0.014911	223.26	226.28	219.75	222.33	76846708
2015-04-01	-0.018091	219.22	222.38	217.98	219.93	9255229
2015-03-31	-0.020847	214.65	218.31	212.21	214.87	32404032
2015-03-30	0.018580	218.64	220.15	218.35	219.33	59290041
2015-03-27	0.020237	223.07	224.94	220.62	223.56	65005769
2015-03-26	-0.031901	215.95	216.25	215.10	213.07	34741668
2015-03-25	-0.004204	215.04	217.53	214.95	215.13	49420635
2015-03-24	-0.027056	209.22	210.87	209.19	208.69	97233849
2015-03-23	-0.012286	206.65	209.62	206.32	207.42	60964743
2015-03-20	0.035062	213.90	216.21	207.95	215.63	72414224
2015-03-19	0.022578	218.73	222.68	218.53	218.46	25137799
2015-03-18	-0.002041	218.28	219.58	215.41	218.53	20020245
2015-03-17	-0.004450	217.31	221.87	215.53	216.14	47549437
2015-03-16	0.005998	218.61	220.41	215.85	219.60	8317218
2015-03-13	0.003962	219.48	221.64	216.43	220.03	13697639
2015-03-12	0.046035	229.58	231.78	226.15	230.58	27179363
2015-03-11	0.004475	230.61	232.26	229.51	230.21	51590741
2015-03-10	-0.021416	225.67	231.39	218.85	225.06	6266695
2015-03-09	-0.032988	218.23	218.28	216.49	218.64	15232368
2015-03-06	-0.037034	210.15	211.61	208.05	209.89	40766331
2015-03-05	0.034260	217.35	219.09	215.84	216.81	4395972
2015-03-04	0.045482	227.23	228.53	226.03	228.16	94545096
2015-03-03	0.004547	228.26	230.71	224.69	228.47	56581863
2015-03-02	0.018668	232.52	232.60	231.45	230.28	62092642
2015-02-27	0.021717	237.57	239.56	236.24	239.99	90169251
2015-02-26	0.011971	240.42	241.71	239.89	241.32	88411465
2015-02-25	-0.007796	238.54	240.55	237.93	239.16	1175610
2015-02-24	-0.024576	232.68	234.14	229.75	234.03	14197051
2015-02-23	0.005357	233.93	235.13	229.02	233.18	73977776
2015-02-20	-0.005529	232.63	233.12	231.63	232.16	68592747
2015-02-19	-0.022820	227.33	227.39	226.18	228.07	59252491
2015-02-18	-0.000963	227.11	227.42	225.09	225.14	2312423
2015-02-17	0.015920	230.72	231.17	230.31	231.82	50653097
2015-02-16	0.024174	236.30	239.77	236.21	233.89	41507887
2015-02-13	0.020001	241.03	242.84	237.17	241.11	42641054
2015-02-12	-0.014878	237.44	240.20	236.18	235.06	51858470
2015-02-11	0.036823	246.18	247.83	243.89	246.95	85812601
2015-02-10	-0.021718	240.84	241.72	235.92	240.11	18606357
2015-02-09	-0.001921	240.37	243.96	238.86	241.01	84611992
2015-02-06	0.039661	249.91	254.59	249.38	250.46	15702052
2015-02-05	-0.006664	248.24	249.65	246.04	248.61	49826816
2015-02-04	0.028714	255.37	256.87	252.18	257.78	60586245
2015-02-03	0.018298	260.04	260.97	257.67	259.84	85687300
2015-02-02	-0.011680	257.01	257.48	256.09	256.58	66624699
2015-01-30	-0.008241	254.89	255.78	252.55	255.77	66578995
2015-01-29	-0.006400	253.26	253.42	253.19	253.83	52690390
2015-01-28	-0.007597	251.33	254.39	251.25	253.15	56819343
2015-01-27	-0.006987	249.58	249.99	248.04	247.83	56302501
2015-01-26	-0.037687	240.17	242.10	237.37	239.53	46310433
2015-01-23	-0.002999	239.45	243.45	238.59	239.36	71809314
2015-01-22	0.020738	244.42	245.91	241.55	241.62	47321868
2015-01-21	-0.020233	239.47	240.97	238.82	240.39	87152781
2015-01-20	-0.015240	235.82	238.60	233.16	236.00	60239093
2015-01-19	-0.025155	229.89	230.45	225.12	230.57	67312125
2015-01-16	0.011407	232.51	235.22	232.07	232.34	35710277
2015-01-15	-0.016914	228.58	229.13	228.07	229.47	95681332
2015-01-14	0.006638	230.10	231.84	227.57	228.95	44264792
2015-01-13	0.008728	232.11	232.53	231.09	233.85	69184837
2015-01-12	-0.003786	231.23	232.28	231.03	232.05	96043188
2015-01-09	0.017609	235.30	235.38	233.98	233.54	50853418
2015-01-08	-0.024980	229.42	230.14	226.80	229.80	92357744
2015-01-07	0.004178	230.38	231.87	230.23	231.74	14590310
2015-01-06	0.000861	230.58	230.82	228.83	230.24	21563434
2015-01-05	0.025348	236.42	240.90	234.72	235.98	49860684
2015-01-02	-0.038312	227.36	229.61	226.51	224.84	87696479
2015-01-01	0.025535	233.17	235.48	232.07	232.53	5851797
2014-12-31	-0.025195	227.29	230.96	224.19	228.37	43170322
2014-12-30	-0.019975	222.75	226.51	221.78	223.42	7471174
2014-12-29	-0.022933	217.65	218.45	212.19	217.46	68268881
2014-12-26	-0.007609	215.99	218.27	214.62	216.69	44706201
2014-12-25	0.004878	217.04	219.46	214.55	219.65	32323544
2014-12-24	0.028112	223.15	229.92	217.35	222.05	57913454
2014-12-23	-0.007964	221.37	223.58	221.13	220.68	85584416
2014-12-22	0.017432	225.23	225.32	221.21	223.91	6836163
2014-12-19	0.019155	229.54	229.59	227.40	229.13	14318693
2014-12-18	0.009250	231.66	236.46	230.45	230.75	94171628
2014-12-17	-0.005148	230.47	233.51	229.68	231.87	20375294
2014-12-16	-0.036305	222.10	224.14	219.77	219.13	68715442
2014-12-15	-0.024870	216.58	216.95	214.02	215.84	77308214
2014-12-12	-0.012878	213.79	213.81	210.21	215.10	80462592
2014-12-11	-0.002728	213.21	214.60	211.99	212.21	56883441
2014-12-10	0.007169	214.74	216.77	212.41	212.93	64700562
2014-12-09	0.003934	215.58	216.96	214.04	213.40	46196786
2014-12-08	0.027515	221.51	222.30	220.13	222.62	8247854
2014-12-05	-0.003133	220.82	220.86	218.72	220.76	4140176
2014-12-04	0.004975	221.92	223.61	221.30	220.80	72452888
2014-12-03	0.015009	225.25	227.29	224.05	225.53	26850692
2014-12-02	-0.011357	222.69	226.33	220.69	222.56	39043931
2014-12-01	-0.005936	221.37	223.54	220.04	221.98	2254151
2014-11-28	-0.005892	220.06	221.26	219.93	219.29	62765794
2014-11-27	-0.023338	214.93	216.95	211.61	214.10	67390751
2014-11-26	-0.026081	209.32	210.65	207.46	209.15	92986832
2014-11-25	-0.025541	203.98	205.66	202.18	203.24	2270829
2014-11-24	0.009390	205.89	206.38	201.38	205.97	75117190
2014-11-21	0.010258	208.00	209.53	207.85	209.12	71337317
2014-11-20	0.022231	212.63	213.64	212.55	212.05	68737557
2014-11-19	-0.036697	204.83	206.44	200.86	204.94	59345199
2014-11-18	0.023733	209.69	212.55	205.91	210.36	23855276
2014-11-17	-0.014146	206.72	207.61	204.62	206.55	16145012
2014-11-14	0.007407	208.25	211.47	207.08	208.26	35462959
2014-11-13	-0.001509	207.94	211.78	207.38	208.67	98717806
2014-11-12	-0.020510	203.67	203.98	202.21	204.26	85102666
2014-11-11	0.000784	203.83	207.13	203.47	204.45	52671394
2014-11-10	0.017733	207.45	208.96	207.15	206.77	50197789
2014-11-07	-0.026379	201.97	205.13	201.50	202.16	75023609
2014-11-06	-0.022809	197.37	198.19	197.21	196.71	71774128
2014-11-05	0.009420	199.23	199.36	199.21	197.62	63612573
2014-11-04	-0.022476	194.75	195.09	193.22	194.23	16318618
2014-11-03	-0.022827	190.30	191.44	190.06	189.84	74956157
2014-10-31	0.011379	192.47	192.74	191.50	191.77	77140267
2014-10-30	0.017114	195.76	195.94	195.59	196.11	52452226
2014-10-29	-0.042998	187.35	188.54	185.72	188.35	1538365
2014-10-28	-0.013865	184.75	186.46	184.53	184.32	43656672
2014-10-27	-0.012078	182.52	184.12	182.08	183.54	11243909
2014-10-24	0.006944	183.78	184.43	183.28	184.66	19289229
2014-10-23	0.007961	185.25	185.48	184.61	185.28	69733520
2014-10-22	0.012098	187.49	188.67	186.05	186.80	2409648
2014-10-21	0.005747	188.57	191.61	188.27	187.76	84645053
2014-10-20	0.016686	191.71	192.97	189.25	192.30	46059575
2014-10-17	-0.023722	187.16	188.29	185.67	186.34	1171103
2014-10-16	-0.087863	170.72	171.27	169.00	170.46	85395271
2014-10-15	0.004712	171.52	171.81	168.90	170.22	32148403
2014-10-14	-0.012341	169.41	169.96	167.52	170.58	56784244
2014-10-13	0.001956	169.74	171.19	169.33	170.86	44034322
2014-10-10	-0.019917	166.36	166.82	164.84	166.09	12205841
2014-10-09	-0.013960	164.04	165.00	162.26	162.67	38728800
2014-10-08	0.024615	168.07	170.65	166.57	168.08	5822106
2014-10-07	-0.029642	163.09	164.17	161.11	163.15	54892268
2014-10-06	-0.018720	160.04	160.39	156.71	160.93	59908125
2014-10-03	0.023468	163.79	165.15	163.63	165.27	98204444
2014-10-02	0.015409	166.32	166.84	166.28	166.53	89660942
2014-10-01	0.022484	170.06	173.95	166.82	170.92	43676791
2014-09-30	0.052932	179.06	183.68	176.15	180.21	20976554
2014-09-29	0.002609	179.53	180.26	177.39	179.01	37867026
2014-09-26	-0.006390	178.38	178.43	175.51	178.04	50303387
2014-09-25	-0.004269	177.62	178.31	176.06	175.97	69557646
2014-09-24	-0.016808	174.63	175.02	173.38	173.90	70513591
2014-09-23	0.002768	175.11	175.78	173.66	175.19	45576888
2014-09-22	-0.009715	173.41	174.19	170.46	172.58	85195854
2014-09-19	-0.028701	168.44	170.05	165.64	169.13	23219445
2014-09-18	0.034200	174.20	174.49	170.04	173.87	73663448
2014-09-17	0.000273	174.24	177.03	171.69	174.74	40116763
2014-09-16	0.030138	179.50	181.21	179.16	178.59	71074307
2014-09-15	-0.001649	179.20	179.55	178.16	179.45	7711530
2014-09-12	-0.013570	176.77	178.27	173.53	176.18	16799424
2014-09-11	-0.000447	176.69	178.38	174.51	175.73	46131645
2014-09-10	-0.011871	174.59	175.96	172.49	175.23	25705613
2014-09-09	0.003875	175.27	178.11	174.13	173.72	1030933
2014-09-08	0.027489	180.09	182.76	179.52	180.12	5921296
2014-09-05	0.025509	184.68	185.90	180.93	184.59	58969260
2014-09-04	-0.020316	180.93	183.10	179.97	181.26	3958488
2014-09-03	-0.015695	178.09	179.51	176.25	178.64	92118628
2014-09-02	-0.027269	173.23	177.90	171.11	172.16	73279389
2014-09-01	0.032246	178.82	181.21	177.02	178.51	5378232
2014-08-29	-0.020724	175.11	178.40	174.91	174.47	92725522
2014-08-28	0.010528	176.96	177.13	176.48	177.45	24732301
2014-08-27	-0.004936	176.08	178.04	172.90	177.19	85089221
2014-08-26	-0.051765	166.97	167.34	164.89	167.67	17645966
2014-08-25	0.039009	173.48	173.55	172.87	174.07	1572898
2014-08-22	-0.007765	172.13	174.32	169.38	171.65	96844001
2014-08-21	-0.014600	169.62	169.98	169.21	168.94	89094173
2014-08-20	-0.011458	167.68	167.82	166.51	168.57	96000569
2014-08-19	0.022580	171.46	172.36	167.85	172.27	47722101
2014-08-18	0.005357	172.38	172.62	171.94	173.88	96650967
2014-08-15	-0.017355	169.39	170.43	169.25	168.51	90729889
2014-08-14	-0.020393	165.94	169.49	165.88	166.28	48903637
2014-08-13	0.009760	167.56	169.91	165.55	168.85	31735980
2014-08-12	-0.016864	164.73	166.23	163.64	163.66	15933729
2014-08-11	0.023235	168.56	168.85	168.26	169.28	47335280
2014-08-08	-0.003763	167.92	168.62	166.97	166.78	45045443
2014-08-07	-0.001880	167.61	168.14	164.92	168.75	70819632
2014-08-06	-0.028397	162.85	163.73	160.06	162.91	39679446
2014-08-05	0.007925	164.14	164.32	161.19	164.53	27654959
2014-08-04	-0.050686	155.82	157.03	155.65	154.94	75676787
2014-08-01	-0.024498	152.00	153.90	151.74	150.92	25335845
2014-07-31	0.013562	154.06	155.65	153.46	154.72	87956288
2014-07-30	-0.028006	149.75	150.99	147.60	149.24	11950542
2014-07-29	0.042183	156.06	156.61	150.88	157.43	41827626
2014-07-28	-0.008668	154.71	155.54	154.57	155.03	33736303
2014-07-25	-0.015256	152.35	152.62	152.24	151.74	69257831
2014-07-24	-0.007179	151.26	152.67	150.69	150.94	56216249
2014-07-23	-0.033583	146.18	146.68	145.27	145.67	40770500
2014-07-22	-0.015194	143.96	144.25	141.87	141.56	80187605
2014-07-21	0.006620	144.91	146.09	143.39	145.43	51541349
2014-07-18	-0.007166	143.87	145.71	143.52	144.07	94404063
2014-07-17	-0.002703	143.48	144.49	142.73	143.59	54193961
2014-07-16	-0.015130	141.31	142.71	141.07	142.73	22418209
2014-07-15	-0.024973	137.78	140.10	135.17	135.72	4145167
2014-07-14	-0.004639	137.14	137.68	136.11	137.59	36712019
2014-07-11	0.032184	141.56	141.96	140.66	141.41	53121168
2014-07-10	-0.016227	139.26	139.29	138.08	140.00	66627296
2014-07-09	-0.048090	132.56	135.53	132.22	132.37	86756356
2014-07-08	-0.001802	132.32	132.40	130.37	132.46	13839608
2014-07-07	0.005522	133.06	136.16	131.40	132.71	78520802
2014-07-04	-0.008027	131.99	135.68	131.59	131.29	34524217
2014-07-03	0.004500	132.58	133.81	132.17	132.76	58907417
2014-07-02	0.033058	136.96	138.56	135.10	137.39	65905034
2014-07-01	-0.006850	136.03	136.65	135.75	137.93	74658197
2014-06-30	0.022632	139.10	141.28	138.09	139.41	39743693
2014-06-27	0.013965	141.05	141.84	140.67	140.60	91084328
2014-06-26	-0.027923	137.11	137.51	136.35	137.45	94245873
2014-06-25	-0.030751	132.89	133.51	132.24	131.69	8330801
2014-06-24	-0.016787	130.66	131.35	130.60	131.03	84180853
2014-06-23	0.018184	133.04	134.82	132.14	132.31	4609475
2014-06-20	0.015638	135.12	136.85	134.37	133.19	50465921
2014-06-19	-0.007019	134.17	134.56	132.90	134.80	80689600
2014-06-18	-0.001389	133.98	135.68	133.68	133.75	46432721
2014-06-17	0.007947	135.05	137.12	133.19	134.49	89618916
2014-06-16	-0.012750	133.33	134.34	132.37	133.19	60125925
2014-06-13	0.000527	133.40	134.60	133.21	133.38	82250749
2014-06-12	-0.001368	133.21	134.25	132.78	132.92	79852084
2014-06-11	-0.021587	130.34	130.86	129.36	131.67	21447974
2014-06-10	-0.012959	128.65	128.66	126.92	128.79	33388328
2014-06-09	-0.027162	125.16	127.47	123.68	125.86	23568817
2014-06-06	0.036563	129.73	131.08	129.29	130.73	80128654
2014-06-05	-0.006750	128.86	132.45	127.24	128.99	18166335
2014-06-04	0.012680	130.49	131.49	128.28	130.38	3155593
2014-06-03	0.004986	131.14	132.83	128.96	131.65	30184895
2014-06-02	-0.038110	126.14	126.34	125.70	127.43	56922843
2014-05-30	-0.013500	124.44	125.61	122.72	123.22	86361162
2014-05-29	0.014044	126.19	127.18	125.90	125.76	71809484
2014-05-28	-0.041090	121.00	122.60	119.60	120.80	67002581
2014-05-27	0.005898	121.72	122.98	120.94	122.01	82305159
2014-05-26	0.028662	125.20	126.00	124.83	125.19	49624231
2014-05-23	-0.047221	119.29	120.07	119.05	118.73	65736066
2014-05-22	-0.017140	117.25	118.92	117.06	116.84	14633035
2014-05-21	-0.048874	111.52	112.99	111.31	111.90	97133006
2014-05-20	0.005960	112.18	112.71	111.29	112.39	97072282
2014-05-19	0.001930	112.40	113.76	110.86	112.69	33712508
2014-05-16	-0.038967	108.02	109.30	105.50	107.28	40866815
2014-05-15	0.016588	109.81	109.88	108.31	109.81	65610819
2014-05-14	-0.000879	109.71	110.73	107.79	109.52	82053880
2014-05-13	-0.006192	109.03	112.00	106.18	107.91	76683549
2014-05-12	-0.002013	108.81	109.16	107.61	109.59	25155681
2014-05-09	-0.003941	108.39	110.48	107.97	108.34	86249571
2014-05-08	0.019811	110.53	112.04	109.91	110.81	61804137
2014-05-07	0.018049	112.53	113.63	112.04	112.76	89946847
2014-05-06	0.017609	114.51	115.76	113.50	114.89	90624190
2014-05-05	-0.000739	114.42	115.38	113.13	114.18	40483173
2014-05-02	0.029033	117.75	118.85	117.26	117.44	10196290
2014-05-01	0.023233	120.48	120.79	119.31	120.77	46508890
2014-04-30	-0.000180	120.46	120.71	120.42	119.39	34566036
2014-04-29	-0.050537	114.37	114.66	113.82	114.55	56700814
2014-04-28	0.031534	117.98	118.98	115.83	117.60	10237303
2014-04-25	0.022097	120.59	121.11	120.39	121.10	18915270
2014-04-24	-0.001013	120.46	122.57	119.84	120.36	64655751
2014-04-23	-0.002558	120.16	121.71	118.20	119.93	98671130
2014-04-22	-0.029734	116.58	117.38	114.60	118.03	3918871
2014-04-21	-0.010782	115.33	116.36	114.71	115.50	44180573
2014-04-18	0.001588	115.51	115.93	115.00	115.43	75333396
2014-04-17	0.011412	116.83	117.21	115.74	118.05	95104025
2014-04-16	0.013474	118.40	120.42	117.45	118.59	31780313
2014-04-15	0.009252	119.50	120.09	117.49	119.73	46859316
2014-04-14	0.008094	120.46	121.23	118.90	119.29	34868971
2014-04-11	0.010600	121.74	121.88	121.51	121.42	3225758
2014-04-10	-0.051181	115.51	116.43	115.02	115.36	20251817
2014-04-09	0.001094	115.64	116.01	115.12	115.69	90063602
2014-04-08	-0.022446	113.04	114.36	112.12	112.86	8797020
2014-04-07	0.028985	116.32	116.71	114.91	115.67	23341012
2014-04-04	-0.014194	114.67	116.17	114.00	114.84	84747402
2014-04-03	-0.009831	113.54	115.44	112.92	114.27	94352409
2014-04-02	-0.042806	108.68	108.98	107.03	108.46	50515229
2014-04-01	-0.011123	107.47	107.89	106.67	108.15	73956443
2014-03-31	-0.002954	107.15	108.21	105.95	106.58	68730239
2014-03-28	-0.008550	106.24	107.22	105.96	106.06	14669393
2014-03-27	0.027262	109.13	109.70	108.21	109.53	83387166
2014-03-26	-0.021088	106.83	107.65	106.18	107.24	77484908
2014-03-25	0.033337	110.39	110.86	110.29	110.83	20884294
2014-03-24	-0.007719	109.54	109.76	109.51	109.69	76577523
2014-03-21	0.053707	115.42	117.05	115.21	116.91	33081906
2014-03-20	-0.005127	114.83	115.20	114.53	114.61	11120340
2014-03-19	-0.007413	113.98	114.11	112.91	114.22	72715702
2014-03-18	-0.028716	110.71	111.49	109.46	110.31	27260175
2014-03-17	0.021134	113.05	114.26	111.64	113.64	7689113
2014-03-14	0.026951	116.09	117.09	115.47	116.33	18577348
2014-03-13	-0.008339	115.13	115.26	114.95	114.64	98634655
2014-03-12	0.023197	117.80	118.04	116.30	117.14	9957078
2014-03-11	-0.037752	113.35	113.68	111.90	113.00	63416348
2014-03-10	-0.038381	109.00	109.33	107.51	108.21	57890635
2014-03-07	0.003822	109.42	109.48	108.65	109.72	22914146
2014-03-06	-0.027700	106.39	106.55	106.34	106.78	19713680
2014-03-05	0.003844	106.79	107.06	106.18	106.02	13523914
2014-03-04	-0.005119	106.25	107.20	105.22	107.04	54120561
2014-03-03	0.001468	106.40	108.05	104.94	106.83	84527294
2014-02-28	0.000764	106.49	107.41	106.39	106.00	81612343
2014-02-27	-0.006278	105.82	106.59	104.91	105.73	59175794
2014-02-26	-0.014863	104.24	104.72	102.76	103.82	15320605
2014-02-25	-0.011204	103.08	103.25	101.82	103.29	51963346
2014-02-24	0.006889	103.79	103.90	103.00	103.46	23872639
2014-02-21	-0.029068	100.77	102.68	99.88	100.21	63227000
2014-02-20	-0.017023	99.05	99.14	98.87	98.16	33041609
2014-02-19	-0.028704	96.21	96.70	96.15	96.40	16698432
2014-02-18	-0.014849	94.78	95.70	94.63	94.96	45409790
2014-02-17	0.009282	95.66	96.46	95.54	95.40	35129869
2014-02-14	0.003669	96.01	96.35	95.32	95.90	12306495
2014-02-13	-0.006513	95.39	96.56	94.43	94.95	70217534
2014-02-12	-0.012706	94.18	94.21	93.48	93.76	99602586
2014-02-11	0.004194	94.57	94.94	94.12	93.74	22538511
2014-02-10	0.019616	96.43	97.42	95.54	96.69	93122303
2014-02-07	0.019026	98.26	98.93	98.17	97.70	54521218
2014-02-06	0.016140	99.85	100.41	99.63	100.34	89046273
2014-02-05	-0.007949	99.05	101.15	98.83	99.05	77389082
2014-02-04	-0.009622	98.10	99.03	97.51	97.79	73017769
2014-02-03	0.009725	99.05	99.26	98.32	99.28	21775266
2014-01-31	-0.005494	98.51	98.51	96.75	98.31	82708960
2014-01-30	0.009322	99.43	99.47	99.07	99.08	7774795
2014-01-29	-0.025182	96.92	97.33	95.58	96.24	70105553
2014-01-28	0.008405	97.74	97.87	97.71	98.26	28800201
2014-01-27	0.032796	100.94	101.36	98.03	100.85	82880966
2014-01-24	0.003572	101.30	101.51	101.03	100.85	90453875
2014-01-23	-0.020680	99.21	100.41	97.39	100.12	56280586
2014-01-22	0.001641	99.37	100.01	98.21	99.44	66335211
2014-01-21	-0.002504	99.12	100.77	97.31	98.95	21799753
2014-01-20	0.004574	99.58	99.86	98.63	100.20	97172369
2014-01-17	0.005252	100.10	101.40	99.73	100.76	76558285
2014-01-16	0.011832	101.28	102.34	99.88	101.16	41976439
2014-01-15	0.015677	102.87	103.72	102.53	102.86	53587555
2014-01-14	-0.005264	102.33	103.11	101.29	102.28	38098896
2014-01-13	-0.010566	101.25	101.66	99.72	101.41	42359565
2014-01-10	0.001036	101.35	101.41	100.61	102.02	68159096
2014-01-09	0.016672	103.04	103.17	102.08	102.21	97529833
2014-01-08	0.029993	106.13	106.75	106.02	106.42	17508151
2014-01-07	-0.004280	105.68	106.73	105.38	105.62	2803457
2014-01-06	0.006336	106.35	107.72	106.25	106.55	46925692
2014-01-03	0.025283	109.04	109.04	108.87	108.81	56192325
2014-01-02	0.002980	109.36	110.81	108.89	110.35	74424428
