2016-01-01	0.029133	86.51	87.84	86.40	86.25	47367178
2015-12-31	0.016370	87.93	88.55	87.50	87.39	54948204
2015-12-30	0.018061	89.52	89.88	89.49	90.40	51061065
2015-12-29	0.008950	90.32	91.83	90.05	90.05	74724784
2015-12-28	-0.010905	89.34	89.53	88.12	88.18	94951343
2015-12-25	0.014694	90.65	92.23	90.30	90.22	62279356
2015-12-24	0.014199	91.94	92.85	91.20	92.75	59579726
2015-12-23	0.020475	93.82	94.23	93.14	93.50	90638213
2015-12-22	-0.015355	92.38	92.87	92.28	92.88	50569082
2015-12-21	0.017670	94.01	95.09	93.74	94.74	55037531
2015-12-18	-0.019152	92.21	93.10	91.82	92.23	55771531
2015-12-17	0.004495	92.62	92.73	92.37	92.50	4946981
2015-12-16	-0.006143	92.05	92.41	91.60	92.68	80505352
2015-12-15	-0.006135	91.49	91.85	91.16	91.80	50133659
2015-12-14	0.021533	93.46	96.18	93.12	93.91	39647178
2015-12-11	0.017027	95.05	96.04	95.01	94.89	17105550
2015-12-10	0.012426	96.23	97.20	95.75	96.09	1235601
2015-12-09	-0.018947	94.41	94.65	93.71	94.76	82543121
2015-12-08	0.005346	94.91	97.07	94.73	95.21	57801901
2015-12-07	0.014141	96.26	96.66	94.97	96.08	71699487
2015-12-04	0.009813	97.20	97.86	96.26	96.91	56520141
2015-12-03	0.010813	98.25	99.03	97.23	98.47	70330066
2015-12-02	-0.033593	94.95	96.02	93.63	95.64	1657657
2015-12-01	0.009941	95.89	97.56	95.19	95.06	84016914
2015-11-30	-0.026332	93.37	94.72	93.09	94.11	96304955
2015-11-27	-0.012902	92.17	92.27	91.91	92.78	16632519
2015-11-26	0.014583	93.51	93.57	93.50	92.56	13497333
2015-11-25	0.017923	95.19	95.56	94.22	94.14	32581491
2015-11-24	0.003226	95.49	95.72	95.37	94.91	45882336
2015-11-23	0.008097	96.27	97.14	95.54	96.77	50176606
2015-11-20	-0.033015	93.09	93.87	92.21	93.32	10729466
2015-11-19	-0.003094	92.80	94.75	92.23	91.98	6308509
2015-11-18	0.006373	93.39	93.85	92.79	93.20	28160680
2015-11-17	0.019963	95.25	96.46	94.23	95.81	5010869
2015-11-16	-0.007884	94.50	95.56	93.59	94.33	54140374
2015-11-13	-0.017862	92.82	93.28	91.48	93.07	51885568
2015-11-12	0.003709	93.16	94.35	92.87	92.30	66437938
2015-11-11	0.028002	95.77	96.05	94.51	96.16	31233841
2015-11-10	-0.009752	94.83	94.89	93.42	95.13	24186047
2015-11-09	0.003121	95.13	96.20	94.18	95.32	54535226
2015-11-06	-0.018031	93.42	94.30	92.96	92.03	21690065
2015-11-05	0.004249	93.81	95.19	93.28	93.76	8263047
2015-11-04	0.000615	93.87	93.97	92.79	94.10	13445606
2015-11-03	-0.007591	93.16	93.24	91.96	92.78	14421916
2015-11-02	0.027262	95.70	96.07	94.69	96.43	87759231
2015-10-30	-0.022773	93.52	94.10	91.67	93.86	76696690
2015-10-29	-0.007414	92.82	92.86	92.64	91.89	62003412
2015-10-28	-0.014766	91.45	92.20	90.66	91.64	13113327
2015-10-27	-0.034648	88.29	88.51	86.87	87.92	98615128
2015-10-26	0.012217	89.36	90.21	88.32	88.85	7093502
2015-10-23	0.044379	93.33	94.37	92.77	93.60	80355056
2015-10-22	-0.010267	92.37	92.93	92.22	92.40	35015351
2015-10-21	-0.022697	90.27	90.89	89.98	90.48	70908328
2015-10-20	-0.004389	89.88	91.48	88.36	89.97	15692367
2015-10-19	0.022813	91.93	93.17	89.99	92.16	40649242
2015-10-16	-0.016307	90.43	90.62	90.20	90.52	15361015
2015-10-15	0.026726	92.85	93.04	92.39	91.91	30506120
2015-10-14	-0.030662	90.00	90.62	89.66	89.62	33133094
2015-10-13	0.028517	92.57	93.58	92.50	92.66	59237786
2015-10-12	-0.011540	91.50	92.01	91.06	91.46	99591398
2015-10-09	-0.024733	89.24	90.92	88.28	88.67	73282744
2015-10-08	0.000560	89.29	90.18	89.07	89.01	12319517
2015-10-07	-0.027968	86.79	88.03	86.20	86.86	76444947
2015-10-06	-0.009169	85.99	87.10	84.96	86.22	37791704
2015-10-05	0.023434	88.01	88.02	87.51	88.14	23235006
2015-10-02	-0.003148	87.73	88.01	86.43	87.36	81973436
2015-10-01	0.025194	89.94	90.51	89.65	90.11	92183109
2015-09-30	0.008396	90.70	91.11	90.09	89.95	86206859
2015-09-29	-0.011916	89.62	90.52	88.83	89.24	49118547
2015-09-28	0.032482	92.53	93.19	91.96	92.95	80505405
2015-09-25	0.029494	95.25	97.16	94.62	95.24	91303891
2015-09-24	-0.010581	94.25	94.42	93.74	94.74	4521971
2015-09-23	-0.028373	91.57	91.89	91.42	90.97	22988379
2015-09-22	0.015249	92.97	93.29	90.71	92.58	62962144
2015-09-21	-0.023150	90.82	92.42	89.53	90.90	17019796
2015-09-18	0.023278	92.93	93.28	91.21	93.78	89273374
2015-09-17	-0.008658	92.13	92.64	91.04	91.62	53831681
2015-09-16	-0.018342	90.44	90.96	89.27	89.62	86731790
2015-09-15	-0.009046	89.62	90.11	89.07	89.78	80457533
2015-09-14	0.010245	90.54	92.00	89.77	91.12	66031792
2015-09-11	-0.000047	90.53	90.85	89.36	90.71	66783608
2015-09-10	-0.015745	89.11	90.41	88.29	89.44	30837975
2015-09-09	0.002749	89.35	89.84	88.49	89.36	26230385
2015-09-08	0.017558	90.92	91.23	90.64	91.00	99829405
2015-09-07	-0.012970	89.74	90.79	89.66	90.24	40286317
2015-09-04	-0.016424	88.27	89.25	87.88	87.88	84116216
2015-09-03	0.022122	90.22	90.80	89.47	89.73	73077451
2015-09-02	-0.053569	85.39	86.59	84.22	85.17	5972678
2015-09-01	0.014875	86.66	87.05	86.48	86.25	85373539
2015-08-31	0.001016	86.75	87.18	84.81	87.21	97227996
2015-08-28	0.015201	88.06	88.20	88.00	87.97	98411958
2015-08-27	-0.029043	85.51	85.64	84.00	85.77	71543656
2015-08-26	0.019524	87.18	87.85	86.72	86.82	67841642
2015-08-25	0.006803	87.77	88.98	85.98	86.36	57064893
2015-08-24	0.025738	90.03	91.43	89.72	89.68	38482815
2015-08-21	-0.004529	89.62	90.61	89.32	89.75	94355600
2015-08-20	-0.018952	87.92	87.99	87.91	86.91	83848763
2015-08-19	-0.005683	87.42	88.34	86.69	87.55	6756820
2015-08-18	-0.010525	86.50	87.05	85.06	86.27	35314238
2015-08-17	-0.007292	85.87	86.93	84.55	85.86	45860877
2015-08-14	0.012944	86.98	87.05	86.34	86.56	10252321
2015-08-13	0.003616	87.30	87.93	87.19	87.92	71806694
2015-08-12	-0.030411	84.64	84.87	84.02	84.84	48329075
2015-08-11	0.008605	85.37	85.57	84.29	84.95	85126179
2015-08-10	-0.001242	85.26	86.17	84.90	85.11	38540847
2015-08-07	-0.010037	84.41	84.80	83.96	84.78	77862963
2015-08-06	0.003028	84.66	84.72	84.62	85.05	2657925
2015-08-05	-0.005357	84.21	85.08	83.70	84.50	37152620
2015-08-04	-0.015303	82.92	83.37	82.53	82.84	62203925
2015-08-03	-0.016189	81.58	82.65	80.86	81.89	56668945
2015-07-31	0.011195	82.49	82.57	82.30	82.85	4019176
2015-07-30	0.002000	82.66	82.69	81.73	82.64	19685979
2015-07-29	-0.010027	81.83	82.71	81.15	82.13	33466577
2015-07-28	0.020092	83.47	84.55	83.43	82.71	77010233
2015-07-27	0.006501	84.02	85.36	81.57	83.65	31535086
2015-07-24	-0.000121	84.01	84.61	83.85	84.35	50877372
2015-07-23	0.024762	86.09	87.32	85.37	86.06	19376160
2015-07-22	0.001161	86.19	86.26	85.64	85.51	91582435
2015-07-21	0.008965	86.96	88.08	86.70	87.29	34287051
2015-07-20	-0.051276	82.50	82.60	80.99	82.80	62173248
2015-07-17	-0.021074	80.76	81.54	80.04	80.53	95541645
2015-07-16	0.026798	82.93	83.14	82.61	83.36	60444743
2015-07-15	-0.013671	81.79	82.23	81.17	81.94	19129497
2015-07-14	-0.012426	80.78	81.87	80.64	79.96	33533444
2015-07-13	0.018360	82.26	82.61	81.80	82.44	95959122
2015-07-10	-0.012585	81.22	81.54	80.59	81.45	38171983
2015-07-09	0.006303	81.74	81.74	80.92	81.58	70762710
2015-07-08	0.017021	83.13	84.19	81.93	83.39	15838172
2015-07-07	-0.026460	80.93	82.34	80.62	81.74	68604565
2015-07-06	0.047062	84.74	85.33	83.91	84.41	82563893
2015-07-03	-0.022902	82.79	83.37	81.80	82.72	55807899
2015-07-02	-0.018048	81.30	81.35	80.34	81.20	66475800
2015-07-01	-0.024922	79.27	80.08	78.49	78.37	20433485
2015-06-30	-0.009108	78.55	79.43	77.93	78.11	87711832
2015-06-29	-0.029892	76.20	76.92	76.08	76.23	74606725
2015-06-26	-0.034955	73.54	73.81	73.14	73.56	60184101
2015-06-25	0.017072	74.80	74.90	73.13	75.07	18641643
2015-06-24	0.010947	75.61	75.83	75.17	75.96	21111573
2015-06-23	0.020122	77.14	77.39	76.97	76.99	86819490
2015-06-22	-0.032609	74.62	75.10	74.10	74.86	92355335
2015-06-19	-0.031781	72.25	72.63	71.57	72.93	1974020
2015-06-18	-0.025708	70.39	72.76	69.66	70.99	31866731
2015-06-17	-0.033415	68.04	69.96	67.85	67.88	29840167
2015-06-16	-0.041302	65.23	65.30	65.15	65.34	7121154
2015-06-15	-0.051252	61.89	62.56	61.48	61.84	39466215
2015-06-12	-0.024693	60.36	61.06	59.46	60.64	43232772
2015-06-11	-0.008579	59.84	60.60	59.70	60.09	84084901
2015-06-10	0.012643	60.60	60.64	59.73	60.48	43694097
2015-06-09	0.019078	61.75	62.05	61.61	61.61	17908388
2015-06-08	-0.006468	61.35	62.24	61.01	61.23	49892622
2015-06-05	0.028386	63.10	63.20	63.04	62.99	41068899
2015-06-04	0.001620	63.20	63.34	63.02	63.05	60445589
2015-06-03	-0.014349	62.29	62.41	62.14	62.02	2469617
2015-06-02	-0.008190	61.78	62.60	61.46	61.61	66289018
2015-06-01	0.001411	61.87	62.72	61.47	61.24	39769347
2015-05-29	-0.011971	61.13	61.44	59.29	61.59	74344046
2015-05-28	-0.032424	59.15	59.61	57.52	58.76	32599176
2015-05-27	0.032532	61.07	61.76	60.18	60.82	96926811
2015-05-26	-0.024920	59.55	59.81	59.20	59.26	88234993
2015-05-25	-0.023256	58.16	58.53	58.08	58.12	39463920
2015-05-22	-0.006361	57.79	58.00	57.78	57.73	53149842
2015-05-21	-0.018823	56.70	57.41	56.12	56.13	6617088
2015-05-20	-0.021219	55.50	55.63	55.40	55.61	66816003
2015-05-19	0.022106	56.73	57.39	55.64	56.28	66399260
2015-05-18	-0.006273	56.37	56.64	55.66	56.71	5315152
2015-05-15	-0.035096	54.39	54.58	54.37	54.98	46369917
2015-05-14	0.043087	56.74	57.04	56.61	56.87	40252219
2015-05-13	0.015783	57.63	58.00	57.49	57.94	60627990
2015-05-12	0.049844	60.51	61.21	60.11	60.11	41375513
2015-05-11	-0.008543	59.99	60.27	59.55	60.09	37972806
2015-05-08	-0.013488	59.18	59.83	58.83	59.53	28965457
2015-05-07	0.014638	60.05	60.10	59.30	59.71	49550542
2015-05-06	0.005757	60.39	60.99	59.98	60.31	82958392
2015-05-05	-0.026738	58.78	59.11	58.35	58.48	22574771
2015-05-04	0.005116	59.08	60.35	58.37	58.44	86650178
2015-05-01	0.000256	59.09	59.14	58.17	59.21	51779446
2015-04-30	0.004126	59.34	59.79	58.78	58.95	72563021
2015-04-29	-0.021134	58.08	58.89	57.14	57.98	47692357
2015-04-28	0.011713	58.76	59.36	58.22	58.36	89323807
2015-04-27	0.003828	58.99	60.64	58.10	58.88	19472801
2015-04-24	0.026555	60.55	61.48	59.92	60.34	13339477
2015-04-23	-0.008969	60.01	60.39	59.42	60.16	32944494
2015-04-22	-0.005944	59.65	59.66	59.60	59.72	79237591
2015-04-21	-0.033185	57.67	57.89	57.43	57.62	4524528
2015-04-20	-0.022487	56.38	56.56	56.16	56.49	75381719
2015-04-17	0.023226	57.69	57.95	57.00	57.79	74529558
2015-04-16	-0.007926	57.23	57.26	56.96	57.23	51074688
2015-04-15	-0.014693	56.39	56.78	56.35	55.95	88740639
2015-04-14	0.001877	56.50	56.89	55.95	56.68	65792431
2015-04-13	0.012787	57.22	57.92	55.80	57.27	38931025
2015-04-10	0.032414	59.07	59.28	58.29	59.28	45413820
2015-04-09	-0.041962	56.59	56.86	55.54	56.63	44316553
2015-04-08	0.035981	58.63	59.27	58.22	58.69	29514636
2015-04-07	0.012790	59.38	59.75	58.65	59.29	77028159
2015-04-06	0.046218	62.12	62.96	61.69	62.22	9864441
2015-04-03	-0.019536	60.91	61.18	60.09	60.76	21387694
2015-04-02	0.025837	62.48	62.87	62.26	62.25	53729592
2015-04-01	0.006049	62.86	63.38	62.85	62.79	26204804
2015-03-31	-0.027880	61.11	61.48	60.89	60.91	82821374
2015-03-30	-0.025225	59.57	59.79	59.46	59.57	10581641
2015-03-27	0.013759	60.39	60.88	60.01	60.41	75287641
2015-03-26	-0.032729	58.41	59.18	58.40	58.31	7751718
2015-03-25	-0.002240	58.28	58.39	57.99	58.16	98353603
2015-03-24	0.004592	58.55	58.63	56.92	58.62	98572223
2015-03-23	-0.012760	57.80	57.90	56.90	57.64	33771798
2015-03-20	-0.005660	57.47	57.92	57.25	57.04	21758194
2015-03-19	-0.055272	54.30	54.48	54.21	54.28	87587934
2015-03-18	0.006886	54.67	54.80	54.65	54.94	60979822
2015-03-17	0.003906	54.88	55.12	54.78	54.57	51720795
2015-03-16	-0.003361	54.70	55.29	54.62	54.69	74484208
2015-03-13	-0.010634	54.12	54.66	53.48	54.34	64871479
2015-03-12	-0.000318	54.10	55.06	54.04	53.48	77222008
2015-03-11	-0.015574	53.26	53.71	53.20	53.23	38070880
2015-03-10	-0.005046	52.99	53.18	52.53	53.09	86206604
2015-03-09	-0.008402	52.54	53.00	52.45	52.65	17760453
2015-03-06	-0.009562	52.04	52.16	51.88	52.25	2748797
2015-03-05	0.011166	52.62	53.30	52.57	52.62	11686347
2015-03-04	-0.013993	51.89	51.93	51.42	52.07	14891855
2015-03-03	-0.009338	51.40	51.79	50.64	51.28	59550205
2015-03-02	-0.001555	51.32	51.78	50.65	51.24	94753063
2015-02-27	0.003746	51.51	51.80	50.64	51.45	73836487
2015-02-26	-0.008292	51.09	51.57	50.98	51.08	10773470
2015-02-25	0.011916	51.70	52.31	51.30	51.81	20764937
2015-02-24	-0.025988	50.35	50.77	50.03	50.24	38728691
2015-02-23	0.009703	50.84	51.04	50.61	51.13	28216680
2015-02-20	0.009222	51.31	51.63	51.20	51.46	62684961
2015-02-19	-0.002074	51.20	51.43	50.71	51.47	64701983
2015-02-18	0.005998	51.51	52.62	51.47	51.08	36315019
2015-02-17	-0.015801	50.70	50.99	49.91	51.03	11009748
2015-02-16	0.009745	51.19	51.43	50.81	51.18	78809372
2015-02-13	0.004777	51.44	51.56	50.85	51.04	50796515
2015-02-12	-0.005754	51.14	51.16	50.76	50.80	87124053
2015-02-11	0.003576	51.32	51.63	51.29	51.29	4589753
2015-02-10	0.011677	51.92	52.78	51.31	51.81	32517950
2015-02-09	-0.031976	50.26	50.58	49.87	50.10	73841338
2015-02-06	-0.016659	49.42	49.52	48.31	49.43	4715153
2015-02-05	0.020544	50.44	51.17	50.02	50.46	36867733
2015-02-04	-0.026848	49.09	49.17	48.97	49.01	53656730
2015-02-03	-0.000480	49.06	50.32	48.66	48.83	69672863
2015-02-02	-0.010224	48.56	49.31	47.62	48.56	3545695
2015-01-30	-0.003731	48.38	48.43	47.96	48.23	66350985
2015-01-29	-0.004607	48.16	48.58	47.73	48.47	25629620
2015-01-28	-0.011371	47.61	48.34	47.26	47.40	99835917
2015-01-27	0.005467	47.87	48.47	47.63	48.12	39867018
2015-01-26	-0.012125	47.29	47.32	46.59	47.42	11111231
2015-01-23	-0.003892	47.10	47.32	46.79	47.26	90525632
2015-01-22	0.020925	48.09	48.17	48.02	48.43	29521889
2015-01-21	-0.024568	46.91	47.22	46.86	46.85	86414240
2015-01-20	-0.008536	46.51	46.78	46.25	46.53	90172051
2015-01-19	0.017767	47.33	47.72	46.99	47.59	80848248
2015-01-16	0.019321	48.25	48.43	47.91	47.79	45088903
2015-01-15	0.007173	48.60	48.74	48.47	48.49	48539201
2015-01-14	-0.015364	47.85	48.21	47.14	47.30	25295353
2015-01-13	-0.030101	46.41	47.07	46.05	46.07	86788664
2015-01-12	0.006412	46.71	47.01	46.63	46.65	36841770
2015-01-09	0.003932	46.89	47.69	46.27	46.62	15185064
2015-01-08	0.036920	48.62	48.63	48.28	48.42	25578371
2015-01-07	-0.019017	47.70	48.12	47.10	47.61	97294129
2015-01-06	0.014937	48.41	48.45	48.35	48.39	40061838
2015-01-05	-0.012437	47.81	47.99	47.35	47.64	71275111
2015-01-02	0.006328	48.11	48.52	47.85	47.87	53037551
2015-01-01	0.004406	48.32	48.49	47.93	48.58	90628290
2014-12-31	-0.020494	47.33	47.42	46.62	47.12	75785983
2014-12-30	0.009600	47.79	48.24	47.60	47.67	2921957
2014-12-29	-0.028065	46.44	47.29	46.27	46.98	29612332
2014-12-26	0.011575	46.98	47.40	46.28	47.00	89348651
2014-12-25	0.020433	47.94	48.20	47.71	47.87	57134928
2014-12-24	-0.009145	47.50	48.06	46.29	47.12	1040878
2014-12-23	0.039423	49.38	49.73	48.81	49.50	82026348
2014-12-22	-0.012421	48.76	48.95	47.49	48.29	40966390
2014-12-19	-0.032864	47.16	47.91	46.73	47.37	98054113
2014-12-18	0.001634	47.24	47.77	47.18	47.12	34680909
2014-12-17	0.011767	47.79	48.51	46.81	47.97	80587009
2014-12-16	-0.017358	46.96	48.12	46.93	46.82	18712200
2014-12-15	0.013307	47.59	47.89	47.05	47.67	18788958
2014-12-12	0.042562	49.61	50.30	49.59	49.00	89060233
2014-12-11	0.016584	50.44	50.93	50.03	50.77	21906180
2014-12-10	0.004987	50.69	51.10	50.06	50.56	48612889
2014-12-09	0.016606	51.53	52.14	50.25	51.54	22981673
2014-12-08	0.002969	51.68	51.77	51.22	51.83	18960696
2014-12-05	-0.009224	51.21	51.60	50.86	51.32	74304753
2014-12-04	0.001654	51.29	51.65	51.25	51.23	35104368
2014-12-03	0.016636	52.14	52.29	51.86	51.95	19739765
2014-12-02	-0.005330	51.87	52.60	51.60	51.84	87891881
2014-12-01	-0.037824	49.90	50.13	49.54	50.23	62847983
2014-11-28	0.021619	50.98	52.26	50.96	50.77	62116764
2014-11-27	-0.040276	48.93	48.97	48.42	49.17	21930922
2014-11-26	-0.014599	48.22	48.26	47.74	48.33	43765868
2014-11-25	-0.004277	48.01	48.13	47.49	47.72	38373349
2014-11-24	-0.017640	47.16	47.52	47.16	47.53	31543404
2014-11-21	-0.009949	46.69	47.48	45.99	47.08	98359273
2014-11-20	0.010850	47.20	47.26	46.56	47.78	92222458
2014-11-19	-0.009219	46.76	47.22	46.62	46.76	3488581
2014-11-18	-0.020100	45.82	46.64	45.64	45.99	60171229
2014-11-17	-0.037868	44.09	44.42	43.63	44.10	7213905
2014-11-14	0.002876	44.22	44.38	44.02	44.27	48279668
2014-11-13	-0.025778	43.08	43.08	43.00	43.42	18373300
2014-11-12	-0.002497	42.97	43.06	42.78	42.31	7326198
2014-11-11	-0.001490	42.90	43.68	42.34	42.63	19348906
2014-11-10	-0.018799	42.10	42.69	41.79	42.36	99012012
2014-11-07	0.030388	43.38	43.71	42.39	43.48	6155054
2014-11-06	-0.005385	43.14	43.31	42.82	43.14	99469024
2014-11-05	0.032524	44.55	44.73	43.29	44.49	65940071
2014-11-04	-0.003016	44.41	45.60	43.89	44.73	7745517
2014-11-03	-0.050282	42.18	42.92	41.81	42.34	98023697
2014-10-31	-0.026267	41.07	41.15	41.02	40.95	89436626
2014-10-30	-0.023199	40.12	40.48	40.03	40.22	18750460
2014-10-29	-0.014020	39.56	40.10	39.24	39.63	91774139
2014-10-28	-0.006644	39.29	39.66	39.25	39.00	2477600
2014-10-27	-0.008956	38.94	39.20	38.47	39.16	96686548
2014-10-24	0.015832	39.56	39.59	39.43	39.80	57319047
2014-10-23	0.012851	40.07	40.09	39.99	40.34	60335583
2014-10-22	-0.003738	39.92	39.96	39.27	40.01	53618285
2014-10-21	0.004368	40.09	40.17	39.82	40.17	71819357
2014-10-20	0.010713	40.52	40.88	40.26	40.72	9059199
2014-10-17	-0.043562	38.76	38.87	38.36	38.91	47485308
2014-10-16	0.016550	39.40	40.29	39.04	39.77	70261443
2014-10-15	-0.009512	39.02	39.92	38.67	38.97	43916100
2014-10-14	-0.032924	37.74	38.14	37.21	37.37	24517484
2014-10-13	0.010239	38.12	38.20	38.04	38.04	16008632
2014-10-10	-0.003032	38.01	38.05	37.20	38.11	83764544
2014-10-09	-0.011086	37.59	38.15	37.56	37.54	84469603
2014-10-08	0.034618	38.89	39.09	38.78	38.61	22046454
2014-10-07	-0.008180	38.57	38.97	38.24	38.53	96622993
2014-10-06	0.000154	38.58	38.66	38.37	38.39	39725082
2014-10-03	0.000582	38.60	38.63	38.28	38.78	49628408
2014-10-02	0.013706	39.13	39.35	39.04	38.97	8460362
2014-10-01	0.016646	39.78	40.12	39.58	39.72	23323008
2014-09-30	0.003773	39.93	40.03	39.24	39.77	18206029
2014-09-29	-0.012329	39.44	39.79	39.43	39.82	9399962
2014-09-26	0.024738	40.41	40.55	40.22	40.72	7405430
2014-09-25	0.043952	42.19	42.28	42.13	42.36	16402702
2014-09-24	-0.046610	40.22	40.68	39.83	39.87	96528498
2014-09-23	-0.003467	40.08	40.71	39.72	39.95	11929017
2014-09-22	0.002033	40.16	40.29	40.12	40.09	8766147
2014-09-19	0.055883	42.41	42.75	42.10	42.37	2462139
2014-09-18	0.013172	42.97	43.29	42.60	43.28	28560727
2014-09-17	0.033937	44.43	44.94	44.31	44.51	15676677
2014-09-16	0.019759	45.30	46.00	45.25	45.35	70173604
2014-09-15	-0.037121	43.62	43.74	43.47	43.41	34622728
2014-09-12	-0.027719	42.41	42.65	42.02	42.54	83250417
2014-09-11	0.001922	42.49	42.60	42.16	42.23	78656055
2014-09-10	-0.018158	41.72	41.83	41.20	41.51	43672523
2014-09-09	0.019530	42.54	42.59	41.82	42.57	64850891
2014-09-08	0.013428	43.11	43.17	42.60	42.56	35649723
2014-09-05	0.016092	43.80	43.94	43.26	43.57	57928658
2014-09-04	-0.038811	42.10	42.15	41.92	42.02	39961538
2014-09-03	0.021133	42.99	43.05	42.62	43.13	42577376
2014-09-02	0.009183	43.39	44.25	43.13	43.31	99121461
2014-09-01	-0.007236	43.07	43.11	42.93	43.15	99179870
2014-08-29	-0.039102	41.39	41.60	40.88	41.31	23647967
2014-08-28	-0.016041	40.72	40.85	40.54	40.36	59532431
2014-08-27	0.014424	41.31	41.85	41.22	41.49	4015371
2014-08-26	-0.023841	40.33	40.39	40.12	40.39	53153831
2014-08-25	-0.025543	39.30	39.53	39.16	39.48	98711807
2014-08-22	0.002134	39.38	39.42	39.25	39.41	99847151
2014-08-21	0.008952	39.73	40.18	39.68	39.90	68003586
2014-08-20	0.006907	40.01	40.17	39.58	40.31	80651639
2014-08-19	-0.014558	39.43	39.62	39.13	39.38	50378036
2014-08-18	0.020312	40.23	40.93	40.21	40.59	15231868
2014-08-15	-0.000365	40.21	40.65	40.17	40.63	58627713
2014-08-14	-0.005770	39.98	40.77	39.80	39.91	88002586
2014-08-13	-0.002727	39.87	40.23	39.81	39.97	74565123
2014-08-12	-0.006498	39.61	39.63	39.41	39.60	10471530
2014-08-11	-0.012778	39.10	39.33	38.61	39.37	16392883
2014-08-08	0.033423	40.41	40.69	40.37	40.38	23236600
2014-08-07	-0.053388	38.25	38.59	37.85	38.26	79418266
2014-08-06	0.012098	38.72	38.99	38.35	38.55	61159416
2014-08-05	0.009118	39.07	39.28	38.84	39.17	16302835
2014-08-04	0.019305	39.82	40.01	39.64	39.84	97871816
2014-08-01	0.026098	40.86	40.86	40.31	41.02	50973446
2014-07-31	0.007867	41.19	41.56	40.57	40.97	23353594
2014-07-30	-0.005895	40.94	41.20	40.78	40.98	25853528
2014-07-29	-0.002795	40.83	40.94	40.39	40.81	21831732
2014-07-28	0.037500	42.36	42.72	41.98	42.26	33886020
2014-07-25	-0.013333	41.79	42.87	41.71	42.24	17237903
2014-07-24	-0.030697	40.51	40.94	40.37	40.37	16284552
2014-07-23	0.045503	42.35	42.72	42.31	42.49	52451605
2014-07-22	0.009334	42.75	42.89	42.02	42.53	98319704
2014-07-21	0.022610	43.72	43.91	43.63	43.86	70289455
2014-07-18	-0.016898	42.98	43.08	42.72	42.87	88207884
2014-07-17	0.025674	44.08	44.11	44.00	44.13	29566787
2014-07-16	0.008555	44.46	44.80	44.39	44.79	30178031
2014-07-15	0.048412	46.61	46.90	46.36	47.08	83695635
2014-07-14	-0.012012	46.05	46.71	46.01	46.30	12246764
2014-07-11	0.020293	46.99	47.46	46.87	47.12	87452742
2014-07-10	-0.010939	46.47	46.66	46.20	46.85	1679928
2014-07-09	0.006419	46.77	46.88	46.59	46.61	18782440
2014-07-08	-0.004844	46.54	46.71	46.43	46.50	41288268
2014-07-07	-0.016192	45.79	45.85	45.20	46.59	2530138
2014-07-04	-0.004870	45.57	45.94	44.71	45.85	85796413
2014-07-03	-0.017886	44.75	45.06	44.75	44.62	68678716
2014-07-02	-0.003152	44.61	45.07	43.96	44.51	83225268
2014-07-01	0.047615	46.73	46.82	46.36	46.78	37353061
2014-06-30	0.048525	49.00	49.13	48.65	49.42	79912303
2014-06-27	0.007583	49.37	49.54	48.47	49.44	74037719
2014-06-26	-0.029532	47.92	48.32	47.64	47.76	63401094
2014-06-25	-0.007163	47.57	48.52	47.32	47.77	53420028
2014-06-24	0.022104	48.62	49.11	48.31	48.64	40860749
2014-06-23	0.002915	48.77	48.96	47.52	49.03	61169103
2014-06-20	-0.035101	47.05	47.29	47.03	47.12	49994939
2014-06-19	-0.017899	46.21	47.10	46.16	46.33	41889519
2014-06-18	-0.027713	44.93	45.01	44.73	45.09	57199063
2014-06-17	-0.013548	44.32	44.40	43.81	44.24	32255679
2014-06-16	0.005107	44.55	44.55	44.42	44.42	36726653
2014-06-13	-0.008418	44.17	44.43	43.51	43.67	52095043
2014-06-12	0.004976	44.39	44.41	44.37	44.54	9685388
2014-06-11	-0.008706	44.01	44.04	43.99	43.52	93545807
2014-06-10	-0.009576	43.59	43.83	43.41	43.33	76785993
2014-06-09	0.005622	43.83	44.12	43.59	43.44	56107001
2014-06-06	-0.007776	43.49	43.79	43.04	43.21	88420204
2014-06-05	-0.001844	43.41	43.63	43.08	43.16	67007617
2014-06-04	0.030639	44.74	45.18	44.31	44.69	36655355
2014-06-03	-0.018939	43.89	44.09	42.89	43.96	91232743
2014-06-02	-0.023834	42.85	43.79	41.97	42.75	51750116
2014-05-30	0.009757	43.26	43.28	43.23	43.17	20871145
2014-05-29	-0.013978	42.66	43.85	42.38	42.68	89130784
2014-05-28	0.003253	42.80	43.32	42.68	42.97	67792570
2014-05-27	-0.007387	42.48	42.70	42.22	42.27	12702048
2014-05-26	0.011363	42.97	43.31	42.66	43.23	94968998
2014-05-23	0.023594	43.98	44.07	43.76	44.08	53565345
2014-05-22	-0.008658	43.60	43.87	43.20	43.52	14914785
2014-05-21	0.015111	44.26	44.55	43.72	44.35	60455196
2014-05-20	0.044010	46.20	46.69	45.53	46.57	88566681
2014-05-19	-0.007729	45.85	46.12	45.71	46.18	64160418
2014-05-16	0.004412	46.05	46.47	45.87	46.08	96277683
2014-05-15	0.017669	46.86	47.05	46.27	46.76	92626998
2014-05-14	-0.017265	46.05	46.14	46.02	45.76	61807357
2014-05-13	0.001618	46.13	46.14	45.70	45.88	42296872
2014-05-12	0.025483	47.30	47.70	47.18	46.93	81154327
2014-05-09	0.004027	47.49	47.72	47.47	47.74	88736965
2014-05-08	-0.039484	45.62	45.67	45.58	45.57	10035072
2014-05-07	0.003030	45.76	45.87	45.45	45.79	92741491
2014-05-06	0.002596	45.88	45.91	45.87	45.76	47664169
2014-05-05	0.013067	46.48	46.77	46.00	46.03	28531812
2014-05-02	0.024632	47.62	48.59	47.41	47.45	68681315
2014-05-01	-0.013892	46.96	47.93	45.98	46.80	63051942
2014-04-30	-0.001049	46.91	47.23	46.28	46.85	65067917
2014-04-29	-0.004410	46.70	47.10	46.35	47.15	9691406
2014-04-28	-0.000783	46.67	46.73	46.46	46.69	27007849
2014-04-25	-0.007416	46.32	46.74	46.03	46.49	36788749
2014-04-24	0.004282	46.52	47.34	46.41	46.50	75522838
2014-04-23	-0.014145	45.86	46.24	45.69	46.09	75655490
2014-04-22	0.008017	46.23	46.39	45.75	46.07	81765112
2014-04-21	0.020128	47.16	47.85	46.59	47.21	27244739
2014-04-18	0.025529	48.36	49.22	48.32	48.31	22051012
2014-04-17	-0.027142	47.05	47.91	46.34	47.15	68677901
2014-04-16	-0.010142	46.57	46.77	46.29	46.76	82922656
2014-04-15	0.015315	47.29	47.90	47.17	47.22	45164970
2014-04-14	-0.025871	46.06	47.00	45.61	45.70	93359544
2014-04-11	0.006809	46.38	46.90	46.09	46.25	3895150
2014-04-10	0.022264	47.41	47.76	46.90	47.51	53406669
2014-04-09	-0.024069	46.27	46.64	45.97	46.39	16281353
2014-04-08	0.036082	47.94	48.49	47.90	47.93	37523459
2014-04-07	-0.000601	47.91	48.24	47.72	47.61	68670448
2014-04-04	0.031740	49.43	49.45	49.40	49.18	34364563
2014-04-03	-0.028029	48.04	48.80	47.25	48.33	46665479
2014-04-02	0.004589	48.26	48.52	47.95	48.30	57915444
2014-04-01	0.005740	48.54	48.95	48.14	48.44	71020986
2014-03-31	-0.003073	48.39	48.44	48.34	48.25	57579952
2014-03-28	-0.017973	47.52	47.76	47.17	47.59	48069265
2014-03-27	0.021101	48.53	48.59	48.13	48.29	39012854
2014-03-26	0.017752	49.39	49.70	48.99	49.09	81038686
2014-03-25	-0.016565	48.57	48.96	48.13	48.33	90775542
2014-03-24	0.004326	48.78	49.44	48.33	48.28	87726309
2014-03-21	0.014995	49.51	50.26	49.31	49.39	85407079
2014-03-20	-0.034550	47.80	48.34	47.58	48.00	29475784
2014-03-19	-0.039554	45.91	45.91	45.58	46.30	27540961
2014-03-18	0.000995	45.95	46.35	45.65	46.37	37218913
2014-03-17	-0.009259	45.53	46.36	45.19	45.48	50256067
2014-03-14	-0.004770	45.31	46.23	44.85	45.50	75439642
2014-03-13	0.014529	45.97	46.39	45.31	46.01	95750493
2014-03-12	0.034093	47.54	47.67	46.96	47.73	42271227
2014-03-11	0.022037	48.59	49.22	48.39	48.43	69284977
2014-03-10	0.005151	48.84	48.89	48.77	48.81	78256247
2014-03-07	-0.001784	48.75	49.03	48.36	48.92	27463219
2014-03-06	-0.011191	48.20	48.61	48.18	48.44	2935313
2014-03-05	-0.002540	48.08	48.15	48.03	48.07	48521422
2014-03-04	0.017242	48.91	49.31	48.48	49.35	98703663
2014-03-03	0.014065	49.60	49.73	49.17	49.70	45146825
2014-02-28	0.011462	50.17	50.77	49.85	50.16	41424963
2014-02-27	-0.020962	49.11	50.29	48.79	49.47	64016314
2014-02-26	0.004983	49.36	49.88	49.13	49.32	53927105
2014-02-25	-0.002689	49.23	49.74	48.48	49.20	8981636
2014-02-24	0.007273	49.58	50.10	49.57	49.37	94046087
2014-02-21	0.011029	50.13	50.21	49.49	50.16	33858656
2014-02-20	-0.005620	49.85	50.52	49.31	49.71	80624510
2014-02-19	-0.011668	49.27	50.08	49.21	49.02	52291848
2014-02-18	-0.022368	48.17	48.45	47.98	48.24	38156758
2014-02-17	-0.025696	46.93	47.73	46.17	46.51	24250101
2014-02-14	-0.002665	46.80	46.87	46.80	46.46	65182682
2014-02-13	-0.021393	45.80	46.24	45.56	46.24	71275329
2014-02-12	0.003909	45.98	46.30	45.50	45.69	51266958
2014-02-11	0.026005	47.18	47.26	46.83	47.05	56479429
2014-02-10	0.002670	47.30	47.33	46.63	47.18	39671970
2014-02-07	0.015541	48.04	48.20	47.93	48.19	34182074
2014-02-06	0.005120	48.28	48.79	48.07	48.56	68125453
2014-02-05	0.004504	48.50	48.95	48.27	48.32	84639975
2014-02-04	-0.023859	47.34	47.38	46.90	46.52	67901443
2014-02-03	-0.019289	46.43	46.98	45.96	46.51	41367875
2014-01-31	0.007166	46.76	47.07	46.16	47.15	3677898
2014-01-30	0.014140	47.42	47.74	47.13	47.56	95465284
2014-01-29	0.017871	48.27	48.47	48.23	48.15	19128390
2014-01-28	0.046665	50.52	50.88	49.73	50.65	55437667
2014-01-27	-0.032657	48.87	48.91	48.09	48.54	42343657
2014-01-24	0.008776	49.30	49.98	49.00	49.30	92822579
2014-01-23	-0.013654	48.63	48.77	48.54	48.97	12508263
2014-01-22	0.003231	48.79	49.20	48.51	48.83	66363599
2014-01-21	0.022247	49.87	50.32	49.03	50.03	33147963
2014-01-20	-0.013013	49.22	50.14	49.18	48.98	74460732
2014-01-17	-0.003483	49.05	49.34	48.99	49.11	96540874
2014-01-16	0.000898	49.10	49.68	49.06	49.11	74610461
2014-01-15	0.023304	50.24	50.69	49.43	50.21	70894272
2014-01-14	0.021973	51.34	51.46	51.10	51.27	26851836
2014-01-13	0.031167	52.94	52.95	51.99	52.71	86476183
2014-01-10	-0.029005	51.41	51.76	51.41	51.20	78487437
2014-01-09	0.002299	51.53	52.16	51.09	51.46	20855028
2014-01-08	-0.014260	50.79	51.53	50.63	50.68	71379839
2014-01-07	-0.004502	50.56	50.71	50.44	50.70	60772549
2014-01-06	0.026122	51.88	51.91	51.68	51.72	85138625
2014-01-03	-0.000567	51.86	52.35	51.08	51.61	25852565
2014-01-02	-0.001759	51.76	52.41	51.00	51.51	80229323
