2016-01-01	-0.008353	110.81	111.47	110.46	110.90	97888852
2015-12-31	-0.016774	108.95	109.26	106.95	109.39	16665928
2015-12-30	0.009401	109.97	110.38	109.83	110.91	95302239
2015-12-29	0.025684	112.80	112.93	112.40	113.88	88187962
2015-12-28	-0.052777	106.84	107.51	106.50	107.76	32755888
2015-12-25	-0.023537	104.33	104.89	103.55	104.74	3426976
2015-12-24	-0.000532	104.27	105.54	102.81	104.44	63306690
2015-12-23	0.007128	105.02	105.90	103.89	105.10	17693496
2015-12-22	0.000755	105.10	105.91	105.03	104.69	78517540
2015-12-21	-0.025249	102.44	103.89	99.60	102.29	56209518
2015-12-18	0.020496	104.54	104.92	104.37	105.22	2407180
2015-12-17	-0.010297	103.47	103.60	102.72	103.05	83211363
2015-12-16	-0.011408	102.28	102.75	101.14	101.57	11214481
2015-12-15	0.012853	103.60	104.58	103.24	103.03	82071089
2015-12-14	-0.008487	102.72	102.90	102.51	103.46	81093768
2015-12-11	0.011609	103.91	105.44	103.54	103.71	61701600
2015-12-10	0.032942	107.34	109.97	106.70	106.86	30389931
2015-12-09	0.007341	108.12	110.66	107.46	108.12	96176515
2015-12-08	0.027584	111.11	111.66	110.90	111.12	31100157
2015-12-07	0.015815	112.86	113.01	111.85	112.96	22820061
2015-12-04	0.018572	114.96	115.22	114.82	114.74	57021712
2015-12-03	0.021321	117.41	118.48	116.91	116.91	87782576
2015-12-02	0.004214	117.91	118.27	117.29	118.56	74705497
2015-12-01	-0.010953	116.61	117.36	114.95	117.18	93087766
2015-11-30	-0.022560	113.98	114.62	112.05	114.21	9700947
2015-11-27	-0.005166	113.39	113.45	111.06	112.86	62079306
2015-11-26	-0.001509	113.22	113.74	112.62	113.42	40815942
2015-11-25	0.022984	115.83	118.36	115.40	115.15	1289231
2015-11-24	-0.015970	113.98	114.41	113.13	114.77	40330875
2015-11-23	0.005345	114.58	114.79	113.80	115.07	8280507
2015-11-20	0.021253	117.02	117.86	116.95	116.55	58573365
2015-11-19	-0.033163	113.14	113.43	112.59	113.45	80616296
2015-11-18	0.026449	116.13	117.28	116.03	115.48	77682614
2015-11-17	-0.011736	114.77	115.67	114.04	114.23	70999787
2015-11-16	-0.042949	109.84	109.91	109.63	109.97	54724567
2015-11-13	0.031563	113.31	113.83	113.06	112.97	50556844
2015-11-12	-0.027665	110.17	110.72	109.19	110.58	57182179
2015-11-11	0.022667	112.67	113.74	111.09	113.53	82395781
2015-11-10	0.017397	114.63	115.11	112.65	114.95	1264848
2015-11-09	0.022110	117.16	119.19	115.96	118.06	86673140
2015-11-06	0.002353	117.44	117.52	117.27	116.44	69201220
2015-11-05	-0.006575	116.67	117.46	114.52	116.40	55008331
2015-11-04	-0.011868	115.28	116.49	115.06	115.94	81294077
2015-11-03	-0.011288	113.98	114.66	112.51	113.63	73433569
2015-11-02	0.032761	117.72	117.76	117.54	116.98	47628949
2015-10-30	-0.000040	117.71	118.87	117.25	117.02	78853407
2015-10-29	0.017436	119.76	120.12	118.00	119.86	64042886
2015-10-28	0.055599	126.42	127.39	124.92	126.02	7295455
2015-10-27	-0.047211	120.45	120.68	120.35	120.58	30268703
2015-10-26	0.003507	120.88	121.67	120.85	121.52	91722788
2015-10-23	-0.016640	118.86	120.02	118.19	117.98	18062902
2015-10-22	-0.012295	117.40	117.74	116.69	117.31	2463683
2015-10-21	0.000980	117.52	119.03	115.74	117.49	8476339
2015-10-20	-0.025483	114.52	115.77	113.96	114.83	51340856
2015-10-19	0.034054	118.42	118.56	116.88	118.49	6792097
2015-10-16	-0.011070	117.11	117.20	115.24	116.74	98682315
2015-10-15	-0.008678	116.10	116.67	113.56	116.48	39503312
2015-10-14	-0.028380	112.80	113.46	110.77	113.09	14987578
2015-10-13	0.012354	114.19	114.21	114.08	113.18	51639805
2015-10-12	-0.012136	112.81	113.93	111.91	112.41	15994438
2015-10-09	0.017975	114.84	115.14	114.79	114.86	62251414
2015-10-08	0.007991	115.75	116.05	115.66	114.75	87964005
2015-10-07	0.006409	116.50	118.51	116.36	117.12	93766662
2015-10-06	0.012989	118.01	119.42	116.36	117.43	41901512
2015-10-05	0.007084	118.85	118.98	117.11	118.51	92446345
2015-10-02	0.022563	121.53	123.11	121.22	120.13	86984544
2015-10-01	-0.002186	121.26	123.13	119.80	120.93	86492785
2015-09-30	0.029815	124.88	125.11	123.72	126.24	60659920
2015-09-29	0.015184	126.77	127.37	125.82	127.68	36034550
2015-09-28	-0.033028	122.59	122.84	121.53	122.48	23970137
2015-09-25	0.021752	125.25	125.72	124.41	125.92	53659792
2015-09-24	0.016250	127.29	128.25	125.29	128.16	66391319
2015-09-23	-0.012838	125.65	128.32	124.45	124.58	70428543
2015-09-22	0.008158	126.68	127.56	123.38	127.48	71955793
2015-09-21	-0.005937	125.93	126.90	125.81	126.05	58805755
2015-09-18	0.006643	126.76	127.65	124.45	126.12	55656352
2015-09-17	-0.023765	123.75	123.99	122.90	125.53	67695514
2015-09-16	0.003014	124.12	125.76	123.76	123.88	19758618
2015-09-15	-0.014851	122.28	122.41	121.77	122.01	62857256
2015-09-14	-0.045915	116.67	117.78	113.42	115.95	62098432
2015-09-11	0.002496	116.96	117.33	115.12	115.72	9930450
2015-09-10	0.024499	119.82	121.07	118.79	119.79	19513488
2015-09-09	-0.027302	116.55	117.40	115.76	115.19	51425824
2015-09-08	0.034681	120.59	122.89	118.97	120.78	41970291
2015-09-07	-0.023055	117.81	119.05	116.96	117.05	7627807
2015-09-04	0.029703	121.31	121.68	120.57	121.90	34152461
2015-09-03	-0.009115	120.21	121.23	118.08	119.48	53925728
2015-09-02	-0.010032	119.00	119.03	118.79	119.07	12219769
2015-09-01	0.004062	119.48	121.67	119.46	118.56	14703967
2015-08-31	-0.002481	119.19	120.87	117.57	119.80	24654689
2015-08-28	0.028058	122.53	122.85	119.92	123.22	43078130
2015-08-27	-0.013051	120.93	122.58	120.80	120.80	80040770
2015-08-26	0.001329	121.09	122.46	119.05	121.18	95722893
2015-08-25	0.010751	122.39	122.73	121.96	122.24	91129136
2015-08-24	-0.023149	119.56	120.44	119.54	118.95	6851883
2015-08-21	0.024220	122.46	124.51	121.83	122.91	1991073
2015-08-20	-0.006498	121.66	121.91	120.46	121.66	38959230
2015-08-19	0.005859	122.37	124.71	121.20	122.89	86140026
2015-08-18	-0.009853	121.17	121.66	119.82	120.31	40369049
2015-08-17	-0.007686	120.24	120.70	119.39	120.59	22571309
2015-08-14	0.010522	121.50	121.86	121.47	122.28	13334563
2015-08-13	-0.015144	119.66	121.46	118.44	118.75	81854612
2015-08-12	0.012646	121.18	121.89	121.08	121.10	7683636
2015-08-11	-0.038393	116.52	118.49	114.62	116.82	51234061
2015-08-10	0.023581	119.27	119.37	119.08	119.36	14762359
2015-08-07	-0.001099	119.14	120.34	118.89	119.60	69457889
2015-08-06	-0.034021	115.09	115.38	114.64	115.16	72037429
2015-08-05	-0.023614	112.37	112.38	111.64	112.08	84752929
2015-08-04	0.020512	114.67	115.29	114.63	115.06	18186984
2015-08-03	0.033947	118.57	119.06	117.85	118.26	90905074
2015-07-31	0.061991	125.92	126.51	125.54	125.58	81542185
2015-07-30	-0.010422	124.60	125.23	124.44	124.90	5849291
2015-07-29	-0.001291	124.44	124.75	123.14	124.67	47903359
2015-07-28	0.020893	127.04	127.45	125.88	126.96	22912336
2015-07-27	0.008920	128.18	129.42	127.87	128.12	98169853
2015-07-24	-0.041116	122.91	123.54	122.41	123.58	98052752
2015-07-23	0.028240	126.38	126.61	124.99	125.98	81471040
2015-07-22	-0.004538	125.80	126.56	125.69	127.36	19055197
2015-07-21	-0.012904	124.18	125.33	122.61	124.04	66362293
2015-07-20	0.006166	124.95	125.19	124.14	126.10	56045835
2015-07-17	-0.000705	124.86	124.92	123.48	125.93	61189515
2015-07-16	0.018772	127.20	128.71	126.83	126.64	96890568
2015-07-15	-0.041662	121.90	123.58	120.43	122.31	64847193
2015-07-14	-0.014625	120.12	120.44	120.05	120.01	66793895
2015-07-13	-0.028073	116.75	117.34	116.33	115.94	12734569
2015-07-10	-0.003811	116.30	118.10	114.83	116.01	13481356
2015-07-09	0.029785	119.77	122.22	119.62	118.74	3090541
2015-07-08	-0.018848	117.51	118.27	115.24	117.84	27266625
2015-07-07	0.010665	118.76	118.93	118.47	119.06	34072228
2015-07-06	-0.026668	115.60	117.29	114.84	115.81	87889790
2015-07-03	-0.009184	114.53	115.38	114.24	114.87	70747539
2015-07-02	0.018561	116.66	117.07	115.26	115.86	9507177
2015-07-01	-0.007762	115.75	116.28	113.55	115.50	98334286
2015-06-30	-0.000386	115.71	115.88	115.28	115.99	56822433
2015-06-29	0.003819	116.15	116.65	115.70	116.32	65482758
2015-06-26	-0.008038	115.22	115.99	114.46	115.17	21723245
2015-06-25	0.040889	119.93	120.44	119.73	119.73	84013124
2015-06-24	-0.001113	119.80	121.18	119.38	118.47	41335855
2015-06-23	0.013967	121.47	121.52	121.30	121.63	60425227
2015-06-22	0.026250	124.66	125.38	122.89	124.77	28067623
2015-06-19	-0.005505	123.97	124.93	122.35	124.36	81718158
2015-06-18	-0.016084	121.98	122.59	119.22	121.40	95531677
2015-06-17	-0.002440	121.68	122.08	120.60	122.01	81984584
2015-06-16	-0.043273	116.41	118.16	116.05	117.89	72299530
2015-06-15	0.002375	116.69	117.85	115.81	116.70	95552576
2015-06-12	0.018472	118.85	118.89	118.50	119.53	72511726
2015-06-11	-0.012041	117.42	120.19	116.39	117.81	92255684
2015-06-10	-0.025729	114.39	116.40	114.18	114.84	49639430
2015-06-09	0.006304	115.12	116.10	114.05	115.31	45793679
2015-06-08	-0.004905	114.55	115.40	113.75	115.18	40108683
2015-06-05	-0.012822	113.08	114.32	113.02	112.69	24125430
2015-06-04	0.007887	113.97	114.47	112.17	113.83	23498805
2015-06-03	0.030842	117.49	118.85	117.21	116.49	11484527
2015-06-02	-0.008235	116.52	117.27	116.37	116.86	69007599
2015-06-01	-0.015956	114.66	116.14	114.53	114.95	73144180
2015-05-29	0.015086	116.39	117.39	114.86	116.73	77197350
2015-05-28	0.019108	118.62	119.32	118.30	118.08	13026458
2015-05-27	0.006301	119.36	120.03	118.63	119.29	58958208
2015-05-26	0.044514	124.68	124.88	123.58	123.55	52512824
2015-05-25	0.009854	125.91	126.53	125.47	127.01	27547352
2015-05-22	-0.022898	123.02	123.31	122.93	122.02	91130156
2015-05-21	0.061371	130.57	131.06	130.22	130.50	79374297
2015-05-20	0.040721	135.89	137.19	135.23	135.42	34768676
2015-05-19	-0.020218	133.14	133.89	130.83	133.14	32315609
2015-05-18	0.006790	134.05	135.53	132.88	133.65	9580526
2015-05-15	0.012843	135.77	136.42	135.31	135.65	51218282
2015-05-14	0.009956	137.12	138.94	136.93	136.51	39318340
2015-05-13	-0.003976	136.57	136.88	135.58	136.73	35963047
2015-05-12	-0.034286	131.89	132.12	130.17	131.71	72848194
2015-05-11	0.002854	132.27	133.47	131.08	131.99	88923776
2015-05-08	0.001881	132.52	134.46	131.92	132.01	9713462
2015-05-07	0.003621	133.00	133.78	132.99	133.43	51292003
2015-05-06	0.012946	134.72	135.43	133.20	135.59	53980993
2015-05-05	0.000301	134.76	135.55	132.52	134.74	45484702
2015-05-04	0.017821	137.16	137.33	134.84	138.18	86602652
2015-05-01	0.012949	138.94	140.03	137.06	139.46	54171942
2015-04-30	-0.011974	137.27	137.34	135.66	137.08	40701384
2015-04-29	-0.024934	133.85	134.36	133.30	134.14	20532194
2015-04-28	0.042800	139.58	141.20	137.37	139.36	13809500
2015-04-27	0.009248	140.87	140.98	139.63	140.72	36774867
2015-04-24	0.012705	142.66	144.05	141.88	142.47	91898573
2015-04-23	-0.058150	134.36	134.85	133.99	134.56	21414572
2015-04-22	-0.020405	131.62	133.18	130.83	132.20	94698978
2015-04-21	-0.009860	130.32	131.47	129.16	130.04	61012032
2015-04-20	-0.010432	128.97	129.50	127.46	130.12	6046243
2015-04-17	-0.002321	128.67	130.83	127.95	129.09	5140835
2015-04-16	-0.000843	128.56	129.82	126.83	129.01	60817937
2015-04-15	-0.008251	127.50	128.16	126.34	127.39	38506160
2015-04-14	-0.009256	126.32	126.87	125.18	126.75	60758293
2015-04-13	0.009599	127.53	129.09	127.17	127.16	65594207
2015-04-10	0.008184	128.57	128.60	127.30	128.03	44317038
2015-04-09	0.037731	133.42	134.42	133.31	132.79	75570890
2015-04-08	0.035015	138.10	139.12	138.05	136.61	79765532
2015-04-07	-0.006424	137.21	137.67	136.92	137.17	84866038
2015-04-06	0.013035	139.00	139.46	138.54	139.99	51537513
2015-04-03	-0.010766	137.50	139.11	134.78	136.75	56850120
2015-04-02	-0.002897	137.10	138.44	136.07	137.15	73097625
2015-04-01	-0.016656	134.82	136.51	131.36	135.78	94997415
2015-03-31	-0.023830	131.61	132.11	130.80	132.56	63059273
2015-03-30	0.042079	137.14	141.70	134.91	136.03	38368775
2015-03-27	-0.023058	133.98	135.08	131.67	134.26	99264370
2015-03-26	0.014022	135.86	135.98	135.36	135.79	65305599
2015-03-25	0.018167	138.33	140.61	137.62	137.99	64286323
2015-03-24	-0.063220	129.58	130.35	128.83	129.11	91608014
2015-03-23	-0.027679	126.00	126.23	125.88	125.60	69821936
2015-03-20	0.020019	128.52	130.61	127.09	128.38	28561941
2015-03-19	0.039682	133.62	135.85	132.63	132.96	59248228
2015-03-18	0.026318	137.14	138.05	136.14	137.82	74675810
2015-03-17	0.062505	145.71	145.78	145.52	145.83	70690095
2015-03-16	-0.019090	142.93	144.98	140.15	143.11	23550049
2015-03-13	0.008265	144.11	144.61	142.77	144.60	77896377
2015-03-12	-0.013280	142.19	144.47	139.59	142.65	33387903
2015-03-11	0.009372	143.53	144.36	140.65	143.01	53862526
2015-03-10	0.006555	144.47	144.68	140.04	143.60	62153450
2015-03-09	-0.012880	142.61	142.97	142.01	142.16	61070216
2015-03-06	-0.001439	142.40	143.81	140.90	141.70	18513393
2015-03-05	0.001270	142.58	142.66	141.94	142.83	12517068
2015-03-04	-0.015906	140.31	140.43	139.16	140.18	74029089
2015-03-03	0.002621	140.68	142.38	139.19	141.07	71895742
2015-03-02	-0.011599	139.05	140.59	138.66	139.59	23859371
2015-02-27	0.001637	139.28	139.47	137.78	139.97	81783215
2015-02-26	0.001819	139.53	140.78	136.27	139.17	45303344
2015-02-25	-0.000462	139.47	141.00	136.89	140.26	91522433
2015-02-24	-0.023894	136.13	138.21	134.25	135.20	88618567
2015-02-23	0.001391	136.32	136.90	135.03	135.97	52839455
2015-02-20	0.013489	138.16	141.25	137.00	138.33	5935855
2015-02-19	0.023126	141.36	142.47	139.89	141.76	44118270
2015-02-18	0.007600	142.43	145.22	140.51	142.22	33717642
2015-02-17	-0.013338	140.53	142.26	139.89	139.61	91445105
2015-02-16	-0.007578	139.47	140.71	139.46	140.14	89584867
2015-02-13	0.049408	146.36	146.83	144.92	146.84	8295840
2015-02-12	-0.054149	138.43	139.13	137.32	137.88	10740020
2015-02-11	-0.022392	135.33	136.64	134.85	135.90	63340484
2015-02-10	0.019311	137.95	138.39	137.89	137.69	91050220
2015-02-09	-0.008139	136.82	137.84	136.03	136.51	5305299
2015-02-06	-0.007918	135.74	135.76	134.59	136.44	8275363
2015-02-05	0.006071	136.56	137.11	136.40	137.16	31083761
2015-02-04	-0.029363	132.55	132.89	132.40	132.36	69794997
2015-02-03	-0.006601	131.68	134.87	129.54	131.32	15293151
2015-02-02	0.019924	134.30	136.25	133.56	134.41	67786477
2015-01-30	-0.002772	133.93	134.18	133.24	133.80	1554521
2015-01-29	0.013158	135.69	138.26	133.95	135.49	78232354
2015-01-28	-0.008012	134.60	135.60	134.30	134.16	51225247
2015-01-27	-0.002506	134.27	136.41	133.18	135.26	65544449
2015-01-26	0.009682	135.57	137.94	134.31	136.45	4795400
2015-01-23	-0.052690	128.42	130.77	127.09	129.19	38272580
2015-01-22	-0.001742	128.20	129.98	127.12	127.76	54404476
2015-01-21	-0.037681	123.37	123.61	123.05	124.02	72688174
2015-01-20	-0.019489	120.97	121.64	120.21	121.67	22135615
2015-01-19	0.012937	122.53	123.66	121.90	122.04	90024484
2015-01-16	0.010579	123.83	124.95	122.04	123.01	45064012
2015-01-15	0.015940	125.80	125.84	125.09	126.44	26365635
2015-01-14	0.019801	128.29	129.15	128.02	127.96	49790965
2015-01-13	0.008957	129.44	130.15	128.74	130.27	40817968
2015-01-12	-0.007510	128.47	130.31	128.24	127.71	88160595
2015-01-09	-0.017222	126.26	126.52	125.12	126.08	36702397
2015-01-08	0.014844	128.13	129.25	127.17	128.25	43150784
2015-01-07	0.003173	128.54	128.75	128.09	128.86	69647953
2015-01-06	0.000558	128.61	128.82	127.78	128.89	4272237
2015-01-05	0.006177	129.40	132.38	129.04	129.70	71180093
2015-01-02	-0.013351	127.68	128.88	127.04	127.57	16556620
2015-01-01	0.013773	129.43	130.21	129.03	129.49	53570878
2014-12-31	-0.008998	128.27	128.42	128.02	128.18	67908002
2014-12-30	0.021182	130.99	133.56	129.44	130.02	76730928
2014-12-29	0.000476	131.05	132.16	130.55	131.20	55160688
2014-12-26	-0.005400	130.34	131.32	130.01	130.06	73658570
2014-12-25	-0.007990	129.30	129.59	126.98	130.92	78270112
2014-12-24	-0.010965	127.88	128.85	127.77	127.56	73410782
2014-12-23	0.045926	133.75	135.00	130.05	133.66	87794030
2014-12-22	-0.016016	131.61	132.33	129.36	131.20	49852002
2014-12-19	-0.029738	127.70	128.24	125.86	127.47	77422285
2014-12-18	0.003411	128.13	129.21	127.78	128.32	68224001
2014-12-17	-0.034054	123.77	127.36	123.08	123.80	35862269
2014-12-16	0.013628	125.46	125.82	124.31	125.33	90873294
2014-12-15	0.024856	128.58	129.59	128.05	128.29	85210884
2014-12-12	-0.002622	128.24	129.53	128.19	128.88	64263292
2014-12-11	-0.034514	123.81	124.54	122.61	123.01	8406432
2014-12-10	-0.003429	123.39	123.50	121.54	123.37	29460889
2014-12-09	0.017177	125.51	125.76	123.69	126.84	2011328
2014-12-08	0.022759	128.36	130.40	128.22	128.00	39900759
2014-12-05	-0.025488	125.09	126.20	123.95	124.86	69250862
2014-12-04	0.011810	126.57	126.94	126.24	125.95	94564683
2014-12-03	0.049373	132.82	133.37	130.86	132.67	8696029
2014-12-02	0.008683	133.97	134.47	132.98	134.34	24958746
2014-12-01	-0.007344	132.99	134.17	131.77	133.92	9403768
2014-11-28	-0.010134	131.64	133.14	129.48	131.96	95278166
2014-11-27	-0.003523	131.18	132.15	130.01	132.76	86434765
2014-11-26	-0.010791	129.76	129.97	129.22	131.04	57528675
2014-11-25	0.002548	130.09	132.20	128.02	130.34	2142080
2014-11-24	-0.022175	127.21	128.22	125.95	128.02	52595923
2014-11-21	-0.019470	124.73	124.81	124.45	124.82	14369538
2014-11-20	-0.015063	122.85	124.41	120.68	123.43	83659738
2014-11-19	0.029255	126.45	126.95	125.60	126.35	59865615
2014-11-18	-0.018004	124.17	126.02	123.91	124.20	27536974
2014-11-17	0.009594	125.36	126.21	124.60	125.92	1068382
2014-11-14	-0.015426	123.43	123.53	122.94	123.87	99609699
2014-11-13	-0.018139	121.19	121.56	118.99	121.61	13367863
2014-11-12	0.004520	121.74	123.54	120.11	121.41	67080216
2014-11-11	0.001301	121.89	124.53	121.45	122.50	97081930
2014-11-10	-0.026923	118.61	118.86	117.57	118.67	43273368
2014-11-07	-0.020158	116.22	118.06	115.81	116.22	6257260
2014-11-06	0.020985	118.66	120.20	118.64	118.43	87798485
2014-11-05	0.015470	120.50	123.18	119.98	119.87	10310913
2014-11-04	0.003790	120.95	121.93	120.24	120.85	56019127
2014-11-03	0.005858	121.66	122.38	120.44	122.14	82892225
2014-10-31	-0.003949	121.18	121.58	121.01	121.08	78654033
2014-10-30	0.012845	122.74	122.98	121.60	122.54	64584444
2014-10-29	0.016276	124.73	126.50	123.30	125.43	83385110
2014-10-28	-0.010518	123.42	124.01	121.50	122.30	48548403
2014-10-27	-0.000156	123.40	125.13	121.59	123.39	98849885
2014-10-24	0.031283	127.26	129.49	125.87	127.10	43877752
2014-10-23	0.005856	128.01	129.94	126.27	127.60	83238275
2014-10-22	-0.012825	126.37	127.43	126.26	126.29	44122927
2014-10-21	0.011443	127.81	129.06	127.74	127.88	97632121
2014-10-20	-0.000113	127.80	128.54	125.42	127.73	86232647
2014-10-17	0.000651	127.88	128.01	127.79	128.46	7289022
2014-10-16	0.009364	129.08	129.20	127.19	128.40	34481192
2014-10-15	-0.019545	126.56	126.56	125.87	126.50	88424951
2014-10-14	0.010556	127.89	130.76	126.74	127.35	39365277
2014-10-13	0.045004	133.65	134.04	132.58	135.08	10546402
2014-10-10	-0.008330	132.54	134.87	131.58	133.03	3376757
2014-10-09	-0.033933	128.04	129.15	127.67	129.07	31927023
2014-10-08	0.004362	128.60	128.82	127.21	129.15	51395340
2014-10-07	-0.016354	126.49	126.80	126.03	125.69	25480767
2014-10-06	0.026832	129.89	130.50	129.09	130.13	91443976
2014-10-03	-0.011295	128.42	128.77	127.89	128.78	48993701
2014-10-02	-0.024997	125.21	126.01	124.84	126.19	14181350
2014-10-01	-0.044438	119.65	120.06	119.06	120.11	60126714
2014-09-30	-0.008315	118.65	119.33	118.44	118.51	58733701
2014-09-29	-0.002390	118.37	120.05	116.97	118.82	28181826
2014-09-26	0.047331	123.97	124.58	123.84	124.11	83989448
2014-09-25	0.005663	124.67	125.69	124.28	124.68	49812984
2014-09-24	-0.000537	124.61	124.76	123.78	124.96	82653401
2014-09-23	-0.002031	124.35	125.32	123.28	124.24	19460884
2014-09-22	-0.002524	124.04	124.63	123.68	124.37	74917700
2014-09-19	-0.007272	123.14	125.11	123.10	123.47	30282921
2014-09-18	0.019732	125.57	127.12	123.87	126.07	33954733
2014-09-17	0.009557	126.77	128.45	126.64	126.67	9452174
2014-09-16	-0.017026	124.61	126.18	122.58	124.64	90847055
2014-09-15	0.021744	127.32	127.82	125.05	126.52	68374798
2014-09-12	0.031765	131.36	132.73	130.46	130.73	65273515
2014-09-11	0.003995	131.89	132.33	131.51	131.92	92859222
2014-09-10	0.006190	132.70	134.49	129.90	131.24	33932586
2014-09-09	0.011574	134.24	135.49	134.16	134.45	1535390
2014-09-08	-0.020022	131.55	131.75	131.08	130.81	68213692
2014-09-05	0.008384	132.65	133.63	131.75	132.55	86718270
2014-09-04	-0.019869	130.02	130.80	128.35	129.65	57634815
2014-09-03	-0.008519	128.91	131.06	128.43	129.21	95647314
2014-09-02	-0.008595	127.80	127.89	125.97	126.23	29327464
2014-09-01	-0.001807	127.57	128.65	126.52	128.45	28955778
2014-08-29	-0.009931	126.30	127.13	126.14	125.51	22571835
2014-08-28	0.015331	128.24	129.36	127.36	126.71	44055865
2014-08-27	-0.042601	122.78	123.08	121.61	121.62	88318683
2014-08-26	0.029330	126.38	126.98	126.02	127.73	7284263
2014-08-25	0.056503	133.52	134.61	132.83	134.31	66402191
2014-08-22	-0.020860	130.73	133.82	130.20	130.97	18710198
2014-08-21	0.008179	131.80	132.55	129.63	132.10	39943897
2014-08-20	0.020497	134.51	136.09	133.30	133.89	44504224
2014-08-19	0.032948	138.94	139.97	137.23	139.06	59615419
2014-08-18	-0.045894	132.56	132.64	131.91	133.55	75843550
2014-08-15	0.037544	137.54	137.60	136.46	138.00	50857526
2014-08-14	0.006425	138.42	139.90	137.98	138.24	79093651
2014-08-13	-0.007188	137.43	138.20	136.20	138.27	95925090
2014-08-12	-0.012807	135.67	135.85	135.54	135.96	69965691
2014-08-11	-0.027052	132.00	132.52	131.51	131.60	12879038
2014-08-08	-0.017363	129.70	129.81	129.10	129.85	1657279
2014-08-07	-0.016170	127.61	128.23	127.02	126.91	71913719
2014-08-06	-0.024756	124.45	125.19	122.81	124.29	68913181
2014-08-05	0.023159	127.33	128.83	126.27	127.05	6235714
2014-08-04	0.010111	128.62	129.50	126.67	128.44	71985534
2014-08-01	-0.001856	128.38	129.31	127.75	129.22	67053515
2014-07-31	0.019923	130.94	131.08	129.20	131.65	32261236
2014-07-30	-0.006172	130.13	131.24	128.38	131.21	96799438
2014-07-29	-0.008936	128.97	131.95	127.90	127.63	38927493
2014-07-28	0.010880	130.37	131.56	129.84	130.26	52369591
2014-07-25	0.017233	132.62	133.05	132.61	133.85	16517923
2014-07-24	0.026220	136.09	137.02	135.88	137.61	22784150
2014-07-23	-0.004535	135.48	137.20	134.54	137.14	71782636
2014-07-22	0.020885	138.30	140.02	136.76	139.29	9523075
2014-07-21	0.017386	140.71	141.18	140.64	140.11	75352611
2014-07-18	-0.009796	139.33	140.55	138.82	138.10	15124287
2014-07-17	0.029119	143.39	146.79	142.70	143.99	26528957
2014-07-16	0.010247	144.86	145.27	144.55	145.59	70339775
2014-07-15	0.024580	148.42	151.61	148.01	148.45	94153398
2014-07-14	0.009157	149.78	150.17	149.46	149.47	4825565
2014-07-11	0.015702	152.13	152.86	151.56	151.55	24087035
2014-07-10	0.023650	155.73	158.29	153.04	154.24	67845823
2014-07-09	0.015953	158.21	159.42	157.79	158.01	91346771
2014-07-08	0.004962	159.00	159.06	158.26	159.24	24062005
2014-07-07	-0.007609	157.79	158.25	157.15	158.89	39291811
2014-07-04	-0.032961	152.59	155.45	149.79	151.98	56176816
2014-07-03	0.021848	155.92	156.51	154.91	156.89	69359725
2014-07-02	0.004768	156.66	156.71	155.23	157.30	85434203
2014-07-01	-0.015991	154.16	155.38	150.26	154.63	13354713
2014-06-30	0.004635	154.87	157.23	153.35	154.20	74181649
2014-06-27	-0.028375	150.48	150.70	150.34	150.07	75139322
2014-06-26	-0.037219	144.88	145.06	144.52	145.94	49369397
2014-06-25	-0.022028	141.69	142.51	139.01	141.18	37161869
2014-06-24	0.015226	143.84	144.96	141.45	143.19	3572610
2014-06-23	0.005781	144.67	145.61	142.75	146.37	6065686
2014-06-20	-0.018212	142.04	142.55	141.16	142.74	74440770
2014-06-19	-0.021062	139.05	140.24	138.30	137.33	84345683
2014-06-18	0.001921	139.32	139.35	138.80	138.91	1695527
2014-06-17	0.024371	142.71	143.97	140.92	143.43	14421517
2014-06-16	0.032738	147.38	150.03	145.45	149.63	88912204
2014-06-13	-0.028971	143.11	144.55	141.76	143.69	47431361
2014-06-12	0.012448	144.89	146.69	142.82	145.28	19151557
2014-06-11	-0.004571	144.23	145.74	143.94	144.63	91453369
2014-06-10	-0.002323	143.90	144.08	143.58	143.95	35933659
2014-06-09	-0.015431	141.68	142.26	141.42	141.84	3621405
2014-06-06	-0.039088	136.14	137.49	135.60	135.27	74976563
2014-06-05	-0.011052	134.63	134.84	134.02	133.89	68644647
2014-06-04	0.029663	138.63	140.87	138.47	138.57	79771779
2014-06-03	0.026283	142.27	143.86	141.84	143.98	24797933
2014-06-02	-0.019497	139.50	139.63	138.62	139.35	48101866
2014-05-30	-0.000724	139.40	141.38	138.64	138.91	26811868
2014-05-29	-0.023457	136.13	136.20	133.54	136.48	20600883
2014-05-28	0.045746	142.35	142.39	142.24	142.19	42467293
2014-05-27	-0.000364	142.30	143.08	142.18	142.46	71316348
2014-05-26	-0.002658	141.92	144.79	140.83	141.65	79533344
2014-05-23	-0.031827	137.41	139.67	136.98	136.81	64506462
2014-05-22	0.004502	138.03	139.80	136.11	137.74	88401009
2014-05-21	-0.009098	136.77	137.11	135.76	137.32	7889505
2014-05-20	-0.025193	133.32	135.43	133.13	133.21	14922999
2014-05-19	-0.030166	129.30	129.70	127.77	128.18	99722615
2014-05-16	0.010588	130.67	131.62	130.39	130.63	8615293
2014-05-15	0.005579	131.40	133.90	129.91	131.23	85576071
2014-05-14	-0.005735	130.65	133.71	129.40	130.79	76374009
2014-05-13	-0.029188	126.83	129.71	125.29	126.63	45707484
2014-05-12	0.011701	128.32	129.09	125.52	127.60	19594899
2014-05-09	-0.033464	124.02	125.70	123.66	124.04	36436458
2014-05-08	0.027834	127.48	127.51	126.43	126.86	35857123
2014-05-07	-0.021088	124.79	125.11	124.38	125.17	81103540
2014-05-06	0.003031	125.17	128.16	124.13	125.59	15813415
2014-05-05	0.032816	129.27	129.32	128.19	129.51	45214978
2014-05-02	0.007060	130.19	130.77	129.87	130.49	27667666
2014-05-01	-0.001066	130.05	130.99	129.84	130.29	31627566
2014-04-30	0.021573	132.85	133.94	132.37	132.91	1669258
2014-04-29	0.037422	137.82	138.48	136.00	137.83	41288293
2014-04-28	-0.018188	135.32	136.34	134.65	135.71	3272727
2014-04-25	-0.005466	134.58	135.77	132.79	134.16	88164922
2014-04-24	-0.018535	132.08	133.58	130.99	131.38	5406478
2014-04-23	-0.030562	128.05	128.79	125.99	128.94	40793647
2014-04-22	0.000340	128.09	129.76	127.35	129.14	57249616
2014-04-21	0.014522	129.95	131.10	129.01	129.30	65936709
2014-04-18	0.002262	130.24	131.49	127.77	130.28	25425695
2014-04-17	0.041145	135.60	135.70	135.10	135.36	47005005
2014-04-16	0.011424	137.15	138.43	135.65	137.56	6136937
2014-04-15	0.035561	142.03	142.88	140.32	143.02	25931264
2014-04-14	-0.028958	137.92	140.76	136.19	139.21	11031872
2014-04-11	0.004547	138.54	138.93	135.75	138.06	93429862
2014-04-10	0.004733	139.20	139.78	137.84	138.93	38110955
2014-04-09	-0.005151	138.48	138.72	137.85	137.73	89660449
2014-04-08	0.014075	140.43	141.83	139.34	140.82	81328562
2014-04-07	-0.023892	137.08	138.41	136.18	137.55	26410737
2014-04-04	-0.012982	135.30	137.36	135.11	134.26	57902358
2014-04-03	-0.028205	131.48	132.48	131.28	131.24	93424202
2014-04-02	-0.009240	130.27	130.61	127.02	130.58	11861463
2014-04-01	0.016043	132.36	133.99	131.67	131.64	8267471
2014-03-31	0.024641	135.62	136.35	134.94	136.81	47308159
2014-03-28	-0.012894	133.87	135.59	132.74	132.86	55561761
2014-03-27	-0.011761	132.29	132.54	130.08	132.99	67441641
2014-03-26	-0.023702	129.16	130.56	128.01	129.45	24915782
2014-03-25	0.028588	132.85	133.85	132.79	132.50	90981327
2014-03-24	-0.011817	131.28	133.47	130.67	131.92	75455658
2014-03-21	0.012996	132.99	133.52	131.34	133.71	69974696
2014-03-20	0.010308	134.36	135.04	132.62	136.69	93031240
2014-03-19	-0.017015	132.07	133.56	131.01	133.36	10369631
2014-03-18	0.025011	135.38	135.69	132.27	134.78	78523493
2014-03-17	0.010221	136.76	137.78	135.23	135.77	78134146
2014-03-14	-0.023585	133.53	135.01	132.14	134.73	71403906
2014-03-13	-0.046259	127.36	129.49	124.95	127.36	39453213
2014-03-12	0.000550	127.43	128.55	125.99	128.51	86996344
2014-03-11	0.023086	130.37	130.78	130.30	129.60	19620289
2014-03-10	0.020416	133.03	133.37	131.43	132.64	66031344
2014-03-07	-0.030768	128.94	129.24	127.53	128.57	53371646
2014-03-06	0.024474	132.09	133.07	131.98	132.91	74986043
2014-03-05	0.011446	133.60	133.99	132.18	133.38	81707377
2014-03-04	0.036791	138.52	140.08	136.73	138.22	39260485
2014-03-03	0.015744	140.70	140.91	139.05	140.18	62235766
2014-02-28	-0.044599	134.43	135.18	134.30	135.55	38823426
2014-02-27	0.037316	139.44	140.79	139.25	140.14	43820166
2014-02-26	-0.033478	134.77	136.68	134.18	134.43	19727785
2014-02-25	-0.003659	134.28	137.13	132.61	134.30	20667051
2014-02-24	-0.008021	133.20	133.39	132.03	132.86	6554076
2014-02-21	-0.009344	131.96	132.89	131.19	131.43	17510929
2014-02-20	0.010356	133.32	134.24	133.22	133.85	94792324
2014-02-19	-0.009237	132.09	133.14	129.89	133.36	36042244
2014-02-18	0.004129	132.64	133.71	129.48	133.43	43269834
2014-02-17	-0.004334	132.06	133.14	130.67	132.79	17477194
2014-02-14	0.025075	135.38	138.52	134.24	135.07	27282360
2014-02-13	-0.023851	132.15	132.15	130.06	130.93	30851992
2014-02-12	0.001067	132.29	132.37	131.33	133.57	96955546
2014-02-11	-0.009727	131.00	132.93	130.07	131.41	4588843
2014-02-10	0.010309	132.35	133.26	131.57	132.87	92066918
2014-02-07	-0.011295	130.86	132.25	129.33	131.09	59625915
2014-02-06	0.034874	135.42	135.76	134.88	134.84	13543849
2014-02-05	-0.021542	132.50	133.03	130.57	132.47	56534831
2014-02-04	0.009900	133.81	134.44	133.21	133.55	76969520
2014-02-03	0.029434	137.75	137.97	135.05	137.61	65745769
2014-01-31	0.015706	139.92	141.71	138.68	139.69	12042168
2014-01-30	0.005660	140.71	142.17	139.94	140.34	3344805
2014-01-29	-0.037499	135.43	136.12	134.15	135.30	67126236
2014-01-28	0.014948	137.46	138.69	136.82	136.60	36395578
2014-01-27	0.007355	138.47	138.56	138.00	136.19	73243806
2014-01-24	0.028076	142.35	142.76	139.19	143.22	9588987
2014-01-23	-0.017176	139.91	140.91	139.40	139.61	91464925
2014-01-22	0.012076	141.60	142.28	139.91	142.53	51151511
2014-01-21	-0.046683	134.99	135.36	134.48	135.31	64855958
2014-01-20	0.018670	137.51	138.19	136.62	138.31	61165972
2014-01-17	-0.004511	136.89	138.63	135.62	136.24	8751240
2014-01-16	0.027550	140.66	140.99	139.53	139.96	83505650
2014-01-15	0.027121	144.48	146.48	141.96	144.47	13442114
2014-01-14	0.002251	144.80	145.25	144.65	144.07	63896846
2014-01-13	-0.022814	141.50	142.84	139.98	141.66	66716547
2014-01-10	-0.017848	138.97	139.85	137.62	139.67	67625033
2014-01-09	0.003800	139.50	140.27	138.12	139.75	41859886
2014-01-08	0.022112	142.58	144.47	140.54	143.91	34561216
2014-01-07	0.011257	144.19	144.76	142.05	143.53	50815460
2014-01-06	-0.000205	144.16	144.43	142.57	144.49	48524666
2014-01-03	0.009834	145.58	146.92	144.33	145.37	1606595
2014-01-02	0.008533	146.82	146.88	146.29	148.09	32003275
