2016-01-01	-0.002347	106.22	106.55	105.92	106.65	32229878
2015-12-31	-0.010744	105.08	105.62	104.85	104.65	91992865
2015-12-30	0.017371	106.91	107.35	106.74	106.46	92658317
2015-12-29	0.000161	106.92	107.31	106.52	107.18	14105849
2015-12-28	0.008413	107.82	108.12	106.42	108.45	30014942
2015-12-25	-0.000456	107.77	109.66	107.50	107.90	60400336
2015-12-24	-0.007000	107.02	107.33	106.68	106.81	36297179
2015-12-23	0.039884	111.29	111.70	111.00	110.24	77950139
2015-12-22	-0.010739	110.09	111.22	110.05	109.71	37530964
2015-12-21	0.010858	111.29	112.78	111.28	111.22	46152342
2015-12-18	0.004909	111.83	111.94	111.40	112.38	1208993
2015-12-17	-0.011121	110.59	111.18	109.84	111.10	86647239
2015-12-16	-0.026214	107.69	109.23	106.71	107.18	36461512
2015-12-15	-0.011165	106.49	106.98	105.18	105.44	14834895
2015-12-14	-0.008279	105.61	105.72	103.98	105.86	5348234
2015-12-11	0.040996	109.94	112.14	108.34	110.14	6664644
2015-12-10	0.000526	110.00	111.28	109.81	110.91	98266458
2015-12-09	0.010037	111.10	111.33	110.72	111.09	67179614
2015-12-08	0.009970	112.21	112.39	111.98	111.76	52481977
2015-12-07	-0.005593	111.58	113.01	110.56	112.99	58912174
2015-12-04	-0.018982	109.46	110.60	108.75	109.77	52347083
2015-12-03	0.000719	109.54	109.93	109.46	109.32	44024267
2015-12-02	0.021823	111.93	112.16	110.68	111.53	47358520
2015-12-01	-0.013261	110.45	110.83	107.30	109.51	13438264
2015-11-30	-0.006066	109.78	112.24	109.55	108.73	89024587
2015-11-27	-0.011091	108.56	109.03	108.39	108.27	75316842
2015-11-26	-0.033009	104.98	104.98	104.66	105.29	89598176
2015-11-25	-0.021724	102.70	103.78	101.90	102.57	20196570
2015-11-24	-0.024422	100.19	100.99	100.01	100.62	50875235
2015-11-23	-0.000400	100.15	100.59	99.21	100.24	14037373
2015-11-20	-0.016764	98.47	98.53	97.46	98.16	66791830
2015-11-19	-0.014317	97.06	97.08	97.04	96.62	50850199
2015-11-18	-0.041617	93.02	93.78	92.60	93.20	90686810
2015-11-17	0.022415	95.10	96.27	94.68	95.21	55187035
2015-11-16	-0.048100	90.53	90.93	90.21	90.99	22074112
2015-11-13	-0.010564	89.57	90.48	89.49	89.76	20358505
2015-11-12	-0.009293	88.74	88.75	87.94	89.60	42556984
2015-11-11	0.004167	89.11	89.14	88.89	88.86	68093014
2015-11-10	0.006390	89.68	90.26	88.27	90.18	67796038
2015-11-09	-0.002699	89.44	90.10	88.46	89.68	16283934
2015-11-06	0.011248	90.44	90.93	89.57	90.03	91869070
2015-11-05	0.014200	91.73	92.10	90.54	91.05	73393195
2015-11-04	-0.008522	90.95	91.94	90.31	91.33	9040911
2015-11-03	0.040806	94.66	95.10	94.32	94.21	15200617
2015-11-02	-0.002441	94.43	96.03	93.64	94.26	57733005
2015-10-30	-0.011090	93.38	94.69	91.89	93.13	52251484
2015-10-29	-0.013751	92.10	93.22	91.97	91.55	71570870
2015-10-28	-0.010932	91.09	92.35	90.82	90.92	25275387
2015-10-27	0.025996	93.46	93.60	92.19	93.92	22651008
2015-10-26	-0.007081	92.79	93.45	92.20	93.44	69637048
2015-10-23	-0.020816	90.86	90.96	89.82	90.90	49638880
2015-10-22	-0.013844	89.61	90.82	89.59	89.45	80717776
2015-10-21	0.001085	89.70	90.98	88.51	89.61	86687666
2015-10-20	0.000267	89.73	91.43	88.13	89.61	53507563
2015-10-19	0.000068	89.73	90.16	88.42	89.46	46896215
2015-10-16	0.017296	91.28	93.10	90.76	90.72	70583318
2015-10-15	0.005387	91.78	92.96	90.03	91.44	51789073
2015-10-14	-0.021423	89.81	91.79	88.73	90.20	16243203
2015-10-13	-0.029092	87.20	88.01	86.50	87.30	27556189
2015-10-12	0.008147	87.91	88.29	86.96	87.62	84390608
2015-10-09	0.028669	90.43	90.67	88.07	90.58	67183964
2015-10-08	0.018499	92.10	93.05	91.78	92.44	8153885
2015-10-07	0.002970	92.37	92.69	92.00	92.75	23347111
2015-10-06	-0.005516	91.86	92.77	89.85	91.65	31978219
2015-10-05	0.019821	93.69	93.82	92.02	93.53	1852917
2015-10-02	-0.020320	91.78	92.85	91.28	91.37	13224485
2015-10-01	-0.016791	90.24	90.69	89.87	90.44	67194279
2015-09-30	0.013727	91.48	91.60	91.44	91.39	23231422
2015-09-29	0.006667	92.09	92.44	90.96	92.21	63494710
2015-09-28	0.007079	92.74	93.22	91.89	92.34	65121795
2015-09-25	-0.012507	91.58	92.12	91.39	91.34	7176893
2015-09-24	0.029353	94.27	95.75	93.70	94.35	83821743
2015-09-23	-0.019812	92.40	92.45	92.02	93.12	2359942
2015-09-22	-0.012590	91.24	91.56	91.04	90.16	96153297
2015-09-21	0.005216	91.71	92.72	91.65	90.54	44101976
2015-09-18	0.012206	92.83	93.49	92.06	93.10	3359868
2015-09-17	-0.018689	91.10	92.28	90.48	90.77	8721673
2015-09-16	0.023335	93.22	93.48	93.01	93.16	2715472
2015-09-15	-0.002210	93.02	93.17	92.27	92.54	4789879
2015-09-14	-0.001106	92.92	94.74	92.12	92.79	11535764
2015-09-11	0.002793	93.18	94.02	92.09	93.52	19005326
2015-09-10	-0.009492	92.29	93.69	91.93	92.58	92225728
2015-09-09	0.007604	92.99	94.00	91.62	93.52	74267012
2015-09-08	-0.016767	91.43	92.92	90.69	91.56	14514998
2015-09-07	-0.006935	90.80	91.05	90.46	91.14	98013461
2015-09-04	-0.027652	88.29	88.75	87.11	87.85	58960361
2015-09-03	-0.008879	87.50	88.05	86.78	87.32	6121551
2015-09-02	-0.038893	84.10	84.61	84.00	84.47	62828349
2015-09-01	0.017746	85.59	86.03	85.58	85.75	8058436
2015-08-31	-0.006081	85.07	85.50	84.10	85.10	92826042
2015-08-28	0.048408	89.19	90.83	88.17	88.83	54949567
2015-08-27	-0.013597	87.98	88.33	87.97	87.31	96856261
2015-08-26	0.025017	90.18	92.20	89.18	90.21	2348386
2015-08-25	-0.009936	89.28	89.82	89.02	89.48	41414622
2015-08-24	-0.006936	88.66	88.76	87.55	88.90	63478384
2015-08-21	0.038005	92.03	92.20	90.80	91.58	70972899
2015-08-20	0.031812	94.96	95.03	94.29	95.02	83157101
2015-08-19	-0.003259	94.65	95.49	93.26	94.72	51617805
2015-08-18	0.003143	94.95	96.17	94.89	94.81	6295071
2015-08-17	0.031085	97.90	97.92	97.47	98.19	98334458
2015-08-14	-0.019050	96.04	96.34	95.32	96.39	95621395
2015-08-13	0.017884	97.75	97.77	97.10	97.56	79550501
2015-08-12	-0.009446	96.83	97.90	96.38	96.13	11710638
2015-08-11	-0.005407	96.31	97.68	95.80	95.21	57711113
2015-08-10	0.004896	96.78	96.78	95.44	96.62	53753559
2015-08-07	-0.006475	96.15	96.41	96.12	95.88	87067251
2015-08-06	-0.046563	91.68	93.09	91.47	92.04	80803461
2015-08-05	0.011353	92.72	94.43	92.21	92.50	73948193
2015-08-04	0.000417	92.75	92.96	92.26	92.42	25521020
2015-08-03	0.003547	93.08	93.66	92.49	92.99	31295627
2015-07-31	0.002757	93.34	94.15	92.46	93.11	90611255
2015-07-30	-0.008258	92.57	93.04	92.17	93.37	8575663
2015-07-29	-0.004395	92.16	92.65	91.43	93.75	98982921
2015-07-28	0.003628	92.50	92.67	92.40	92.37	21747621
2015-07-27	0.040004	96.20	96.22	95.67	96.27	63635868
2015-07-24	0.011833	97.34	97.70	96.42	97.29	19789424
2015-07-23	0.019683	99.25	99.27	98.11	98.78	69676605
2015-07-22	0.003123	99.56	99.59	98.83	100.30	89821702
2015-07-21	-0.011224	98.44	98.61	98.39	98.90	26528255
2015-07-20	0.034204	101.81	102.95	101.29	101.79	76978057
2015-07-17	-0.018918	99.88	100.23	98.35	99.40	68977472
2015-07-16	0.027305	102.61	103.75	101.07	101.36	79264058
2015-07-15	-0.016959	100.87	100.93	100.06	101.39	11043186
2015-07-14	-0.015283	99.33	99.74	97.30	98.61	10751431
2015-07-13	-0.006358	98.70	98.87	98.55	98.97	33763866
2015-07-10	0.002698	98.97	100.32	95.90	98.32	52470248
2015-07-09	-0.005453	98.43	99.04	98.12	98.38	25922838
2015-07-08	-0.011574	97.29	97.95	96.74	97.11	59242359
2015-07-07	0.027633	99.97	101.35	98.70	99.65	68453577
2015-07-06	-0.012237	98.75	99.67	98.35	98.82	97022198
2015-07-03	-0.007123	98.05	99.23	97.84	97.17	95499590
2015-07-02	0.027265	100.72	100.93	99.73	101.05	58078557
2015-07-01	0.004158	101.14	102.51	99.81	101.42	36706636
2015-06-30	-0.011331	99.99	100.12	99.21	100.69	4239838
2015-06-29	-0.018520	98.14	99.15	97.68	98.65	47947318
2015-06-26	0.030205	101.11	102.27	101.05	100.47	23561609
2015-06-25	-0.008067	100.29	100.85	99.81	101.32	41706348
2015-06-24	-0.022576	98.03	98.70	96.88	97.72	55411267
2015-06-23	0.022186	100.20	101.17	99.12	100.75	1224371
2015-06-22	-0.012087	98.99	99.85	96.70	98.75	78699563
2015-06-19	-0.019362	97.07	98.32	96.91	96.70	63206578
2015-06-18	-0.001425	96.94	97.81	96.62	96.22	80251353
2015-06-17	-0.024839	94.53	95.73	93.08	93.93	6729277
2015-06-16	0.027858	97.16	98.37	96.33	97.03	64839197
2015-06-15	-0.005599	96.62	97.31	95.18	95.95	3699877
2015-06-12	-0.000339	96.58	97.28	95.56	95.83	84660899
2015-06-11	-0.006062	96.00	96.77	95.70	95.66	12042131
2015-06-10	0.002279	96.22	97.57	95.69	96.09	10882337
2015-06-09	0.012981	97.47	97.78	96.87	97.14	29133730
2015-06-08	0.018353	99.26	99.95	98.76	99.67	92246191
2015-06-05	0.014284	100.67	102.14	100.08	100.56	62207991
2015-06-04	0.010338	101.71	102.89	100.51	102.83	84041595
2015-06-03	-0.016322	100.05	100.10	99.67	100.48	1605884
2015-06-02	-0.021600	97.89	98.76	97.67	97.81	26344309
2015-06-01	-0.012146	96.70	97.36	95.35	96.70	86519939
2015-05-29	0.004075	97.10	99.15	96.82	96.89	55728813
2015-05-28	0.002593	97.35	97.64	96.33	98.26	72064437
2015-05-27	0.006765	98.01	99.21	97.88	99.14	18654594
2015-05-26	0.024477	100.41	101.13	100.07	100.50	60464848
2015-05-25	0.007243	101.13	101.43	100.61	100.88	19905625
2015-05-22	-0.010134	100.11	101.13	99.23	100.46	45220970
2015-05-21	0.016069	101.72	102.66	101.12	102.63	87518687
2015-05-20	-0.041271	97.52	97.57	97.43	98.38	78891400
2015-05-19	0.006581	98.16	99.76	96.98	98.59	4142483
2015-05-18	0.003747	98.53	98.65	97.52	97.71	7500093
2015-05-15	-0.000436	98.49	99.88	98.46	99.08	74247545
2015-05-14	-0.027842	95.74	96.05	95.63	96.82	45662013
2015-05-13	-0.009477	94.84	94.86	93.52	95.14	88305614
2015-05-12	-0.003329	94.52	95.97	94.00	94.43	61478275
2015-05-11	0.025954	96.97	98.51	95.85	97.53	94295205
2015-05-08	0.041959	101.04	101.17	99.09	101.39	11887588
2015-05-07	-0.006526	100.38	101.86	99.10	100.25	18212966
2015-05-06	-0.007291	99.65	100.06	99.34	99.94	17135561
2015-05-05	-0.004666	99.19	99.50	98.49	98.46	16579089
2015-05-04	-0.011994	98.00	98.60	97.72	97.49	66114435
2015-05-01	-0.006684	97.34	97.89	97.23	96.46	52887943
2015-04-30	-0.001938	97.15	98.08	95.58	97.35	83114381
2015-04-29	-0.004013	96.76	97.04	95.43	97.20	64153561
2015-04-28	0.003752	97.13	97.64	96.88	97.62	87549860
2015-04-27	0.019525	99.02	99.22	97.29	98.79	47274369
2015-04-24	-0.001104	98.91	98.94	98.39	98.70	68744787
2015-04-23	-0.017511	97.18	97.57	96.81	98.52	37655573
2015-04-22	-0.004881	96.71	96.76	96.56	96.42	35612749
2015-04-21	0.015312	98.19	98.20	97.86	99.35	53175445
2015-04-20	-0.016184	96.60	96.66	96.32	96.51	93374837
2015-04-17	-0.010947	95.54	96.47	95.51	95.83	78610299
2015-04-16	0.023906	97.83	98.96	96.36	98.24	32811041
2015-04-15	0.020397	99.82	100.65	98.62	99.54	49844028
2015-04-14	0.027627	102.58	103.47	102.41	102.62	20676006
2015-04-13	-0.002113	102.36	103.83	101.90	102.80	60152366
2015-04-10	-0.005181	101.83	102.56	100.80	101.97	23555417
2015-04-09	0.019169	103.78	105.28	103.43	104.30	5743289
2015-04-08	0.008444	104.66	105.73	104.44	105.23	58254124
2015-04-07	-0.018816	102.69	102.92	102.07	103.00	34532287
2015-04-06	-0.023416	100.29	101.36	100.25	100.60	9903068
2015-04-03	-0.019397	98.34	98.72	97.18	97.36	37001950
2015-04-02	-0.019211	96.45	97.93	94.53	96.30	8223845
2015-04-01	0.036662	99.99	100.40	99.91	100.81	99531366
2015-03-31	-0.012342	98.75	99.20	98.71	97.79	7344802
2015-03-30	0.012161	99.95	100.49	98.12	100.03	4769132
2015-03-27	-0.000162	99.94	100.95	97.66	100.19	87603736
2015-03-26	-0.030946	96.85	97.43	96.79	96.55	8800133
2015-03-25	0.010949	97.91	98.15	97.76	97.85	36040471
2015-03-24	-0.023369	95.62	97.34	94.10	95.72	37219663
2015-03-23	-0.005379	95.10	95.98	94.01	95.02	10316530
2015-03-20	0.003027	95.39	97.23	94.63	95.10	3802290
2015-03-19	-0.001513	95.25	95.58	95.14	95.14	89006545
2015-03-18	0.000804	95.32	95.57	94.81	96.21	83223632
2015-03-17	0.011343	96.41	96.88	95.51	95.85	67014143
2015-03-16	-0.023544	94.14	95.16	93.14	93.96	35429001
2015-03-13	-0.016772	92.56	93.98	92.00	92.32	27144252
2015-03-12	-0.001961	92.38	93.29	91.81	92.06	70545367
2015-03-11	-0.031734	89.44	89.93	88.55	89.66	76872947
2015-03-10	-0.001473	89.31	90.07	88.43	88.71	33757015
2015-03-09	-0.010642	88.36	89.59	87.82	88.13	39529906
2015-03-06	0.021019	90.22	91.73	89.77	90.02	29799278
2015-03-05	-0.004488	89.81	90.17	88.72	89.39	79334481
2015-03-04	-0.010248	88.89	90.13	88.17	88.40	1264157
2015-03-03	-0.016129	87.46	88.62	86.63	87.41	28705307
2015-03-02	-0.004956	87.03	87.82	86.72	87.53	66319223
2015-02-27	0.002301	87.23	87.74	86.71	87.26	27226662
2015-02-26	0.006310	87.78	88.81	87.42	87.40	12594022
2015-02-25	0.002238	87.97	88.24	86.68	88.18	13151949
2015-02-24	-0.028449	85.47	85.87	84.47	84.61	3101923
2015-02-23	-0.014406	84.24	84.92	83.39	83.38	22524806
2015-02-20	-0.009670	83.42	84.00	82.43	83.58	95886365
2015-02-19	0.034382	86.29	87.33	84.79	86.52	27322248
2015-02-18	0.015219	87.61	88.61	87.44	86.64	32129357
2015-02-17	-0.002720	87.37	87.76	86.62	87.10	11454676
2015-02-16	0.042347	91.07	91.25	90.06	91.49	28115854
2015-02-13	-0.023131	88.96	90.08	88.55	88.79	89449973
2015-02-12	0.006931	89.58	89.88	89.46	89.83	68000055
2015-02-11	0.002708	89.82	90.62	89.48	89.21	8235770
2015-02-10	-0.002775	89.57	92.99	88.28	89.19	6900339
2015-02-09	-0.028568	87.01	88.47	86.16	87.38	27520358
2015-02-06	0.050532	91.41	92.08	89.88	91.42	34898902
2015-02-05	-0.004242	91.02	91.17	90.86	90.99	68391172
2015-02-04	-0.006745	90.41	91.09	88.39	91.02	81303475
2015-02-03	-0.000930	90.32	91.21	89.75	89.69	38019141
2015-02-02	0.002391	90.54	91.01	90.49	90.04	11164733
2015-01-30	0.026009	92.89	93.36	91.69	93.61	86322610
2015-01-29	0.017655	94.53	95.57	94.31	95.12	92942136
2015-01-28	-0.007080	93.87	94.82	93.05	93.23	62501083
2015-01-27	-0.052616	88.93	90.21	88.43	89.10	71346443
2015-01-26	0.037200	92.23	92.51	90.44	92.11	99618016
2015-01-23	-0.005802	91.70	92.03	91.12	92.34	26865855
2015-01-22	-0.014783	90.34	90.88	87.82	90.96	6273588
2015-01-21	0.019477	92.10	93.19	91.35	92.02	44351150
2015-01-20	-0.003433	91.79	92.47	91.74	91.13	72212911
2015-01-19	-0.013790	90.52	91.58	89.84	90.33	56442337
2015-01-16	0.024723	92.76	93.34	91.92	93.18	64836057
2015-01-15	0.016250	94.27	94.40	93.52	93.82	12175680
2015-01-14	-0.009459	93.37	93.79	92.15	93.17	64235402
2015-01-13	0.000897	93.46	93.51	93.13	93.15	64169498
2015-01-12	-0.018720	91.71	92.77	89.73	92.08	56600892
2015-01-09	-0.044187	87.66	88.04	86.62	87.29	37369076
2015-01-08	0.004359	88.04	88.76	87.49	87.82	13465712
2015-01-07	-0.008498	87.29	87.49	87.00	87.72	73416135
2015-01-06	0.006479	87.86	88.18	87.53	88.21	99051360
2015-01-05	0.023774	89.94	90.47	88.76	90.00	11175356
2015-01-02	-0.007111	89.31	89.48	89.24	89.82	11143762
2015-01-01	0.000772	89.37	90.73	87.69	89.50	63143517
2014-12-31	0.017706	90.96	91.48	89.61	91.12	46014509
2014-12-30	0.013279	92.16	93.86	91.06	92.23	70156783
2014-12-29	0.012601	93.33	95.02	92.47	92.64	4411640
2014-12-26	0.025196	95.68	96.23	94.46	96.13	30912764
2014-12-25	-0.012200	94.51	95.43	92.85	94.20	49824211
2014-12-24	-0.021778	92.45	92.94	91.08	92.94	66967854
2014-12-23	-0.003241	92.15	92.87	90.74	92.97	27420553
2014-12-22	0.018839	93.89	94.54	93.64	94.04	35753950
2014-12-19	-0.001576	93.74	94.18	92.87	93.42	52369413
2014-12-18	-0.024470	91.45	92.32	90.94	90.99	67952949
2014-12-17	0.021963	93.45	94.98	91.57	93.82	94600653
2014-12-16	0.033788	96.61	96.97	95.75	96.08	1586017
2014-12-15	0.013381	97.91	98.13	96.48	98.04	9042134
2014-12-12	0.027531	100.60	101.72	98.83	100.32	89105929
2014-12-11	0.012634	101.87	102.67	100.65	102.07	9438872
2014-12-10	-0.023435	99.48	100.85	98.95	99.57	84232790
2014-12-09	0.023812	101.85	103.10	100.30	101.75	36434407
2014-12-08	0.003810	102.24	102.30	101.82	101.92	21319467
2014-12-05	-0.000939	102.15	102.25	101.89	100.67	86894336
2014-12-04	-0.019005	100.20	100.89	99.20	100.56	82124348
2014-12-03	0.035669	103.78	104.59	102.68	103.77	58617430
2014-12-02	0.041828	108.12	108.51	107.18	107.93	62475423
2014-12-01	-0.042517	103.52	105.38	102.11	104.14	62770765
2014-11-28	-0.017556	101.70	102.42	99.21	101.31	89657524
2014-11-27	0.014261	103.16	103.77	102.20	104.09	23160542
2014-11-26	0.047979	108.10	108.43	106.99	107.63	52530440
2014-11-25	0.001660	108.28	108.30	108.20	108.00	86150221
2014-11-24	0.015200	109.93	110.76	109.74	110.31	42548229
2014-11-21	-0.001158	109.80	110.13	108.03	109.46	77301116
2014-11-20	-0.004929	109.26	110.13	107.97	109.60	28271269
2014-11-19	0.021199	111.58	111.75	111.15	111.66	80559901
2014-11-18	0.050157	117.17	117.84	116.65	116.93	96441788
2014-11-17	-0.031313	113.51	115.08	113.14	113.66	64240816
2014-11-14	-0.010312	112.33	114.43	112.14	112.40	24718106
2014-11-13	-0.002236	112.08	113.62	111.66	112.46	1892249
2014-11-12	0.027883	115.21	116.68	114.68	114.23	20971746
2014-11-11	0.026217	118.23	121.24	116.91	117.75	83093482
2014-11-10	0.012624	119.72	120.79	119.53	119.58	14593974
2014-11-07	-0.003629	119.29	121.07	119.12	118.99	57852348
2014-11-06	0.017956	121.43	121.91	120.63	120.71	46785555
2014-11-05	0.015949	123.37	123.39	122.76	123.39	26092518
2014-11-04	-0.002496	123.06	123.65	121.60	122.74	54249739
2014-11-03	-0.003008	122.69	122.78	121.92	121.89	80963311
2014-10-31	0.039314	127.51	127.73	127.06	127.70	16042862
2014-10-30	-0.002612	127.18	127.31	127.07	127.24	74592840
2014-10-29	-0.013263	125.49	126.83	124.08	125.68	16409470
2014-10-28	0.029292	129.17	129.52	128.09	129.41	63694721
2014-10-27	0.023073	132.15	134.45	131.29	132.50	85357966
2014-10-24	0.017665	134.48	135.27	133.82	134.66	55247048
2014-10-23	-0.010440	133.08	133.82	132.48	132.37	24441872
2014-10-22	-0.009764	131.78	133.48	130.37	131.96	17066052
2014-10-21	-0.006724	130.89	132.35	130.45	131.29	80723317
2014-10-20	0.027954	134.55	136.30	133.93	134.55	47156968
2014-10-17	-0.029948	130.52	130.68	129.31	130.57	33253205
2014-10-16	0.018952	133.00	135.29	132.47	134.18	87792474
2014-10-15	-0.030880	128.89	130.16	127.58	127.40	61715727
2014-10-14	0.001755	129.11	129.95	128.73	129.16	41756623
2014-10-13	0.005630	129.84	130.61	129.60	130.48	60164193
2014-10-10	0.000840	129.95	131.32	128.88	129.71	30510843
2014-10-09	0.004609	130.55	131.78	129.77	131.64	55549638
2014-10-08	0.006419	131.39	131.70	130.61	130.73	53219716
2014-10-07	0.028513	135.13	136.88	134.27	135.06	98676129
2014-10-06	0.005020	135.81	137.58	134.44	136.29	53984071
2014-10-03	0.007352	136.81	137.14	136.38	136.38	2457844
2014-10-02	0.029074	140.79	142.56	140.43	140.19	93567235
2014-10-01	-0.017201	138.37	138.90	136.72	137.84	27268031
2014-09-30	-0.003292	137.91	140.67	137.64	137.25	31875714
2014-09-29	-0.018838	135.31	135.65	134.65	135.57	33027909
2014-09-26	-0.004634	134.69	135.37	133.27	134.18	64026755
2014-09-25	-0.014488	132.73	134.35	132.22	131.82	10242639
2014-09-24	0.011164	134.22	134.54	133.55	134.62	12874258
2014-09-23	-0.019244	131.63	131.63	131.47	131.67	40039631
2014-09-22	-0.012092	130.04	130.33	129.27	130.56	25815309
2014-09-19	-0.011360	128.56	130.17	126.13	129.74	14069628
2014-09-18	0.018861	130.99	131.97	128.44	130.80	31124662
2014-09-17	0.006639	131.86	132.28	130.66	132.16	40759356
2014-09-16	0.006579	132.73	134.28	131.54	132.34	50597285
2014-09-15	0.004510	133.33	135.56	131.40	133.89	89495100
2014-09-12	-0.010090	131.98	132.53	130.05	132.63	26484156
2014-09-11	0.009524	133.24	133.99	132.54	133.12	3663613
2014-09-10	-0.028646	129.42	130.81	127.98	129.52	28121151
2014-09-09	-0.037143	124.61	124.80	123.81	125.82	30649474
2014-09-08	-0.053043	118.00	118.06	117.50	118.69	70776103
2014-09-05	-0.024330	115.13	117.27	115.08	115.98	75026188
2014-09-04	-0.014180	113.50	113.75	111.71	113.72	90518617
2014-09-03	0.010208	114.66	114.70	114.10	114.88	29792525
2014-09-02	-0.037695	110.34	111.33	109.54	109.53	30043900
2014-09-01	0.015481	112.04	112.32	111.46	112.71	50714468
2014-08-29	0.026955	115.06	116.25	114.80	115.06	97061345
2014-08-28	-0.020961	112.65	113.34	112.54	111.93	93523711
2014-08-27	0.001324	112.80	114.45	111.19	112.76	70053576
2014-08-26	-0.015024	111.11	111.20	110.63	111.78	99307480
2014-08-25	-0.023643	108.48	108.58	108.46	107.60	45884892
2014-08-22	0.016240	110.24	112.46	108.72	110.21	6400088
2014-08-21	0.017664	112.19	113.05	110.68	111.13	27204796
2014-08-20	-0.001135	112.06	112.15	110.42	112.73	79614647
2014-08-19	0.019888	114.29	116.05	114.07	113.96	93826555
2014-08-18	-0.020668	111.93	112.28	110.58	111.71	30974461
2014-08-15	-0.036962	107.79	109.02	107.74	106.68	3420685
2014-08-14	0.025033	110.49	112.73	108.49	110.30	74126332
2014-08-13	-0.012790	109.08	110.13	108.29	109.06	32302232
2014-08-12	-0.023396	106.52	106.67	104.87	107.11	78923427
2014-08-11	0.006528	107.22	107.56	107.12	107.33	70375556
2014-08-08	0.004701	107.72	108.69	107.20	107.66	76754346
2014-08-07	0.037863	111.80	111.83	109.20	111.14	55049589
2014-08-06	-0.045308	106.74	107.89	105.31	106.77	55159737
2014-08-05	-0.017395	104.88	105.02	102.68	104.42	88746038
2014-08-04	0.003515	105.25	106.47	105.18	105.09	67621271
2014-08-01	-0.033149	101.76	102.05	101.22	101.78	44333374
2014-07-31	-0.000950	101.66	103.18	100.20	102.29	2132986
2014-07-30	-0.021519	99.48	99.85	99.37	99.95	13811570
2014-07-29	-0.003255	99.15	99.71	98.79	98.88	90548261
2014-07-28	0.002304	99.38	100.05	99.15	99.24	1650349
2014-07-25	-0.004022	98.98	100.07	98.93	98.16	82743368
2014-07-24	0.005091	99.48	99.95	97.04	99.29	96646826
2014-07-23	-0.030809	96.42	96.43	95.70	97.34	50863741
2014-07-22	0.007949	97.19	98.95	96.58	96.91	68357593
2014-07-21	0.007777	97.94	98.27	96.82	98.41	41528850
2014-07-18	-0.027039	95.29	96.34	93.84	95.38	38174626
2014-07-17	0.020086	97.21	98.64	95.08	96.41	55060690
2014-07-16	0.008365	98.02	99.95	96.76	98.37	42155469
2014-07-15	-0.010305	97.01	97.78	96.32	96.76	95628310
2014-07-14	0.003257	97.33	97.88	97.21	96.99	71903169
2014-07-11	-0.009188	96.43	96.73	95.84	95.33	3049896
2014-07-10	0.027673	99.10	99.59	97.21	98.73	13372155
2014-07-09	0.000170	99.12	100.18	98.25	98.69	95703163
2014-07-08	0.000602	99.18	100.96	98.60	99.83	15289884
2014-07-07	-0.034974	95.71	96.43	95.10	96.19	75263116
2014-07-04	-0.028782	92.95	93.09	92.89	93.24	30187183
2014-07-03	0.019263	94.74	94.85	94.04	95.39	87337373
2014-07-02	-0.006229	94.15	95.64	93.02	94.60	36604741
2014-07-01	-0.002768	93.89	94.44	93.63	93.49	83237462
2014-06-30	0.039800	97.63	97.75	97.34	97.62	38384349
2014-06-27	0.031221	100.68	101.32	98.62	101.02	69215868
2014-06-26	-0.018310	98.84	100.35	98.32	98.10	61648772
2014-06-25	-0.057709	93.13	94.77	91.15	92.87	3365224
2014-06-24	0.024472	95.41	97.75	94.57	95.12	68910334
2014-06-23	0.029137	98.19	100.61	98.16	99.54	29464987
2014-06-20	-0.003209	97.88	98.66	97.35	97.40	8977698
2014-06-19	-0.015135	96.39	97.77	94.90	97.36	82935121
2014-06-18	-0.008405	95.58	96.42	95.40	95.27	35170260
2014-06-17	0.012422	96.77	99.03	95.77	96.36	61472322
2014-06-16	0.017690	98.48	98.94	97.76	98.04	65815884
2014-06-13	0.008314	99.30	100.16	99.26	98.77	42733503
2014-06-12	-0.019026	97.41	98.75	95.66	97.32	61777096
2014-06-11	0.016403	99.01	99.32	98.51	99.07	97044719
2014-06-10	0.020534	101.04	102.24	101.04	100.32	3249450
2014-06-09	-0.030066	98.01	99.45	96.88	97.10	19357361
2014-06-06	0.006638	98.66	99.45	98.46	99.59	79554130
2014-06-05	-0.001195	98.54	99.51	98.51	99.03	32168275
2014-06-04	-0.022422	96.33	96.35	95.52	96.97	26870516
2014-06-03	-0.012443	95.13	95.57	94.49	95.14	97219570
2014-06-02	-0.005609	94.60	95.23	94.19	95.07	61603258
2014-05-30	-0.004464	94.17	94.94	93.06	94.40	18594980
2014-05-29	-0.021985	92.10	92.60	92.08	92.10	18106944
2014-05-28	-0.005691	91.58	92.78	90.98	91.64	27228539
2014-05-27	-0.011867	90.49	91.95	90.05	90.63	35989391
2014-05-26	0.030248	93.23	95.65	93.21	93.46	36254364
2014-05-23	0.018162	94.92	95.63	94.64	94.72	17571471
2014-05-22	0.031207	97.89	99.50	96.53	98.70	36700770
2014-05-21	0.020211	99.86	100.27	99.33	99.72	32256167
2014-05-20	0.011771	101.04	101.35	99.37	101.97	22807901
2014-05-19	0.001034	101.14	102.96	100.10	102.03	7065962
2014-05-16	0.027829	103.96	104.09	103.44	103.84	2337568
2014-05-15	-0.007232	103.21	104.44	102.65	103.38	13539512
2014-05-14	0.006560	103.88	105.12	102.79	104.09	37849957
2014-05-13	0.006001	104.51	106.62	103.30	103.90	63333697
2014-05-12	-0.023503	102.05	103.02	101.95	101.70	52901165
2014-05-09	0.026558	104.76	104.84	104.09	104.06	58390505
2014-05-08	0.025021	107.38	107.68	106.78	107.68	18426806
2014-05-07	0.003829	107.79	108.37	106.98	107.34	22478129
2014-05-06	0.059914	114.25	114.81	113.62	114.59	53708984
2014-05-05	0.011330	115.55	117.15	114.11	114.86	84151803
2014-05-02	0.018102	117.64	118.26	117.05	116.57	40601185
2014-05-01	0.015109	119.42	120.56	117.13	119.41	70311953
2014-04-30	-0.052579	113.14	113.53	111.58	114.42	66994996
2014-04-29	-0.017443	111.16	111.50	107.81	111.71	8313482
2014-04-28	0.012405	112.54	113.26	111.82	112.71	48638403
2014-04-25	-0.010139	111.40	111.85	111.31	111.51	68422844
2014-04-24	-0.003198	111.05	112.84	110.55	111.74	1023592
2014-04-23	-0.036054	107.04	107.12	106.10	106.71	32573284
2014-04-22	-0.008517	106.13	106.99	105.48	106.21	86406204
2014-04-21	-0.013010	104.75	106.04	104.03	104.73	42827259
2014-04-18	-0.029927	101.61	101.89	100.77	101.06	86986823
2014-04-17	0.035404	105.21	105.64	102.37	104.39	38166143
2014-04-16	0.007035	105.95	106.71	104.60	106.12	32452355
2014-04-15	-0.001414	105.80	108.08	103.93	105.94	70908091
2014-04-14	0.018533	107.76	108.14	106.49	108.14	12644176
2014-04-11	0.022090	110.14	111.33	109.25	109.59	41951748
2014-04-10	0.012420	111.51	112.64	111.36	111.34	34415497
2014-04-09	0.009324	112.55	113.37	111.93	111.77	8720683
2014-04-08	-0.007635	111.69	112.99	111.15	111.76	77845861
2014-04-07	-0.007474	110.86	111.92	110.52	111.48	56589000
2014-04-04	-0.010569	109.69	109.97	108.22	109.80	27966341
2014-04-03	0.041083	114.19	114.72	113.97	114.34	78218282
2014-04-02	0.010755	115.42	116.20	115.02	115.68	21299962
2014-04-01	0.015521	117.21	117.74	114.60	116.97	28306088
2014-03-31	0.020836	119.65	120.08	118.16	119.07	28730942
2014-03-28	0.018358	121.85	123.47	121.57	121.48	81452129
2014-03-27	0.033364	125.92	127.21	125.80	125.85	92231650
2014-03-26	-0.024403	122.84	126.16	119.33	122.88	95246869
2014-03-25	-0.035166	118.52	118.84	116.34	118.48	61790184
2014-03-24	-0.013150	116.96	117.05	116.72	117.31	47791185
2014-03-21	0.020503	119.36	119.79	117.65	119.47	65519921
2014-03-20	0.017938	121.50	122.20	120.90	120.78	47363468
2014-03-19	0.014500	123.27	125.27	122.57	122.31	8022075
2014-03-18	0.032572	127.28	127.44	125.20	126.74	69637215
2014-03-17	0.000279	127.32	128.94	126.03	126.80	79872830
2014-03-14	-0.031613	123.29	124.79	122.43	123.04	12290726
2014-03-13	-0.012559	121.74	121.92	121.69	121.44	24858333
2014-03-12	-0.025447	118.65	119.03	118.29	118.88	38551139
2014-03-11	0.007589	119.55	122.75	118.43	119.51	19090615
2014-03-10	0.004115	120.04	121.06	119.37	119.82	33477932
2014-03-07	0.003038	120.40	121.47	118.80	120.07	13158531
2014-03-06	-0.012267	118.93	120.79	118.05	118.96	98054589
2014-03-05	0.008015	119.88	119.94	117.83	119.77	7740449
2014-03-04	-0.007696	118.96	119.86	117.61	119.10	57754150
2014-03-03	0.028360	122.33	123.00	122.15	121.14	43543525
2014-02-28	-0.019013	120.00	121.47	117.53	118.78	29254344
2014-02-27	-0.016190	118.06	119.15	116.91	117.82	44660132
2014-02-26	0.003143	118.43	119.07	117.46	117.94	41305665
2014-02-25	0.029236	121.89	122.70	121.17	120.20	23273491
2014-02-24	-0.013475	120.25	121.02	118.76	120.54	89410389
2014-02-21	0.002606	120.56	122.52	119.82	120.67	2811963
2014-02-20	-0.013751	118.91	119.17	115.19	120.53	21886927
2014-02-19	-0.029157	115.44	116.89	114.05	115.71	74801545
2014-02-18	0.001675	115.63	115.64	115.20	116.01	49288661
2014-02-17	0.013229	117.16	119.08	116.92	117.82	13438270
2014-02-14	0.013413	118.73	119.75	118.63	119.61	36005478
2014-02-13	0.002885	119.08	120.25	118.24	119.54	33704896
2014-02-12	0.029555	122.60	123.58	120.40	123.06	24774110
2014-02-11	0.017565	124.75	125.05	124.53	124.99	49752187
2014-02-10	0.016043	126.75	128.40	123.90	126.18	11668421
2014-02-07	0.007644	127.72	129.13	127.59	126.93	24240809
2014-02-06	0.017896	130.01	130.06	129.98	130.22	15788180
2014-02-05	-0.004681	129.40	130.03	129.03	128.70	66456010
2014-02-04	-0.011682	127.89	128.54	127.76	127.98	20511012
2014-02-03	0.006730	128.75	130.26	128.45	128.67	59878295
2014-01-31	0.008778	129.88	133.27	125.97	131.04	33860819
2014-01-30	-0.014566	127.98	128.75	127.80	128.09	13819894
2014-01-29	0.023099	130.94	130.98	130.05	130.60	37411417
2014-01-28	0.022395	133.87	134.45	132.64	133.65	47611935
2014-01-27	-0.015482	131.80	132.55	130.58	131.87	2228038
2014-01-24	-0.009982	130.49	131.59	129.23	130.06	84253742
2014-01-23	0.009050	131.67	132.26	131.45	132.28	81357868
2014-01-22	0.032613	135.96	136.97	135.32	135.63	4430935
2014-01-21	-0.000783	135.85	139.36	135.81	136.51	87759459
2014-01-20	-0.022965	132.73	134.02	131.96	133.76	1914746
2014-01-17	0.008924	133.92	135.10	132.91	133.68	7151090
2014-01-16	-0.007399	132.93	133.24	130.26	133.21	69410506
2014-01-15	-0.014249	131.03	131.54	129.94	131.95	61442718
2014-01-14	0.009426	132.27	132.28	131.16	132.73	30428814
2014-01-13	-0.010413	130.89	132.21	130.53	131.09	95417596
2014-01-10	0.023110	133.92	134.38	133.54	133.78	90037574
2014-01-09	-0.013760	132.07	133.76	130.46	131.07	67078064
2014-01-08	0.003957	132.60	132.84	132.23	133.27	14690713
2014-01-07	-0.010638	131.19	131.39	129.17	131.55	90262964
2014-01-06	-0.010251	129.84	130.63	129.26	129.17	97033701
2014-01-03	-0.018382	127.45	127.61	127.37	127.74	98486807
2014-01-02	-0.003251	127.04	128.05	125.40	126.16	24050142
