2016-01-01	-0.005030	223.41	225.73	221.35	223.16	29937542
2015-12-31	-0.013407	220.41	223.40	220.41	220.59	88742942
2015-12-30	0.014784	223.67	225.23	221.73	224.25	9210635
2015-12-29	-0.027873	217.44	217.90	215.95	216.36	80048832
2015-12-28	-0.013164	214.57	215.96	212.15	216.20	11188004
2015-12-25	0.001288	214.85	215.75	212.82	215.54	20185288
2015-12-24	-0.029783	208.45	208.83	206.89	208.92	95515160
2015-12-23	-0.000427	208.36	209.03	205.64	206.30	28008149
2015-12-22	-0.006440	207.02	207.22	206.43	208.10	84010072
2015-12-21	0.014463	210.02	211.56	209.10	211.41	57269112
2015-12-18	-0.008137	208.31	208.39	203.59	209.42	26327925
2015-12-17	-0.009725	206.28	207.58	203.76	206.32	18458184
2015-12-16	-0.007899	204.65	206.64	204.43	204.64	20206216
2015-12-15	0.003447	205.36	208.00	205.21	204.77	3575073
2015-12-14	-0.011034	203.09	206.34	201.21	204.16	60180709
2015-12-11	-0.020445	198.94	199.25	197.15	198.36	33733852
2015-12-10	-0.003454	198.25	198.54	196.61	198.05	10087069
2015-12-09	0.009592	200.15	201.74	198.69	200.77	24596944
2015-12-08	0.016257	203.41	205.11	202.07	202.39	34713850
2015-12-07	0.003447	204.11	205.49	200.34	205.80	10471363
2015-12-04	-0.008014	202.47	204.05	200.24	202.87	68854359
2015-12-03	-0.015167	199.40	201.31	197.78	197.54	65036582
2015-12-02	0.000073	199.42	201.34	198.59	199.49	85068547
2015-12-01	0.027845	204.97	206.24	203.96	206.14	17408630
2015-11-30	0.035636	212.27	212.59	210.18	211.52	79595093
2015-11-27	0.010346	214.47	220.20	211.59	214.33	93335512
2015-11-26	0.016391	217.98	219.06	217.22	217.58	98364510
2015-11-25	-0.016064	214.48	218.32	211.52	215.31	38010808
2015-11-24	-0.019955	210.20	210.49	207.11	209.70	57981338
2015-11-23	0.008387	211.97	213.17	209.54	211.22	79867671
2015-11-20	-0.012713	209.27	211.99	208.71	208.18	18045771
2015-11-19	0.016160	212.65	213.51	211.30	214.86	64536342
2015-11-18	-0.006358	211.30	212.60	210.69	211.29	67221761
2015-11-17	0.005493	212.46	213.21	212.18	210.73	39551441
2015-11-16	0.022063	217.15	217.75	215.29	215.79	19281223
2015-11-13	-0.010613	214.84	217.23	211.99	214.08	31677098
2015-11-12	0.024651	220.14	220.66	220.02	221.11	34298734
2015-11-11	0.004499	221.13	223.68	216.18	221.54	72638915
2015-11-10	0.026699	227.03	229.91	226.44	225.70	10942474
2015-11-09	0.019716	231.51	232.95	230.36	233.53	68213478
2015-11-06	-0.006386	230.03	234.24	229.26	229.19	58527272
2015-11-05	0.008791	232.05	232.75	229.04	230.90	52067102
2015-11-04	0.001470	232.40	233.30	231.92	230.13	40121923
2015-11-03	0.006476	233.90	234.37	229.96	234.97	71662620
2015-11-02	-0.008658	231.88	234.83	229.56	232.02	6180517
2015-10-30	0.012455	234.76	235.04	229.79	235.58	85208216
2015-10-29	-0.024540	229.00	230.33	228.25	229.74	70207912
2015-10-28	-0.004227	228.03	230.80	226.54	227.56	16966356
2015-10-27	0.022895	233.26	239.22	230.97	233.62	56269546
2015-10-26	-0.023925	227.68	232.44	225.31	228.60	34333979
2015-10-23	0.033971	235.41	236.13	233.87	235.40	69179076
2015-10-22	0.006303	236.89	237.17	235.90	236.29	17723221
2015-10-21	-0.007864	235.03	239.38	233.66	236.12	43059425
2015-10-20	0.004927	236.19	237.62	233.52	236.45	49011033
2015-10-19	-0.054218	223.38	227.31	220.05	222.38	31577318
2015-10-16	0.003290	224.12	225.01	222.76	225.23	23437441
2015-10-15	-0.000055	224.11	226.85	222.48	224.69	98601299
2015-10-14	-0.042198	214.65	215.49	212.52	213.80	13097087
2015-10-13	0.017325	218.37	220.65	217.68	219.30	78631107
2015-10-12	-0.012515	215.63	217.26	214.96	215.06	42260327
2015-10-09	-0.030576	209.04	209.58	208.96	209.19	80277736
2015-10-08	0.007477	210.60	214.33	208.39	211.02	71318175
2015-10-07	0.014705	213.70	214.23	212.67	213.66	89570877
2015-10-06	-0.002946	213.07	213.32	212.85	212.45	27418752
2015-10-05	-0.002093	212.63	214.86	211.75	212.09	8522659
2015-10-02	0.027006	218.37	219.30	215.49	217.31	58652595
2015-10-01	-0.018227	214.39	216.86	208.61	215.61	69836778
2015-09-30	-0.025400	208.94	209.91	208.50	208.51	50874668
2015-09-29	-0.016817	205.43	207.84	203.34	204.44	71505865
2015-09-28	-0.012673	202.83	204.82	202.82	202.70	70412239
2015-09-25	-0.004539	201.90	203.71	199.41	202.68	76039911
2015-09-24	0.009500	203.82	204.32	199.12	204.12	63439248
2015-09-23	-0.014967	200.77	201.65	196.55	201.28	96697681
2015-09-22	0.021475	205.08	206.34	203.80	207.34	75508318
2015-09-21	0.007116	206.54	208.08	206.13	207.07	98064066
2015-09-18	0.012443	209.11	211.04	207.82	209.57	41420667
2015-09-17	-0.023587	204.18	208.34	202.20	203.09	50747566
2015-09-16	-0.028162	198.43	201.29	196.44	198.64	50378425
2015-09-15	-0.056863	187.15	191.04	186.22	187.02	19545822
2015-09-14	0.026151	192.04	192.35	191.55	193.62	15833066
2015-09-11	-0.014917	189.18	189.99	188.81	190.23	2317145
2015-09-10	-0.003895	188.44	189.22	186.07	189.76	23944787
2015-09-09	-0.016264	185.38	186.59	183.55	185.54	16006671
2015-09-08	-0.044752	177.08	178.80	175.70	176.09	31577932
2015-09-07	0.013192	179.42	179.51	176.16	180.08	41307481
2015-09-04	-0.015390	176.65	179.21	176.56	176.18	31915403
2015-09-03	-0.045105	168.69	171.58	168.21	167.85	91017974
2015-09-02	-0.004465	167.93	168.77	167.88	167.11	84852793
2015-09-01	-0.009471	166.34	167.55	165.81	166.83	12932032
2015-08-31	-0.017234	163.48	164.20	163.19	163.33	62831959
2015-08-28	0.020995	166.91	169.27	166.87	167.26	71849387
2015-08-27	-0.023636	162.96	164.41	162.65	163.87	64509856
2015-08-26	-0.015276	160.47	161.31	159.74	159.29	61558641
2015-08-25	0.014156	162.75	163.83	161.10	161.63	3073134
2015-08-24	-0.012216	160.76	161.83	157.37	160.65	54671246
2015-08-21	0.020284	164.02	164.39	162.38	165.50	49783078
2015-08-20	-0.028384	159.36	159.83	158.76	159.52	49260911
2015-08-19	0.011556	161.20	163.04	160.59	161.77	81748917
2015-08-18	0.003324	161.74	162.49	158.93	162.87	25430744
2015-08-17	-0.005656	160.83	163.65	159.50	161.19	4949830
2015-08-14	0.009244	162.31	164.54	161.65	162.03	19455178
2015-08-13	0.009348	163.83	164.16	162.82	164.69	50110363
2015-08-12	0.015855	166.43	166.51	165.08	165.75	49190815
2015-08-11	0.007177	167.62	169.49	166.78	167.18	24706561
2015-08-10	0.008234	169.00	169.04	167.52	169.54	28929924
2015-08-07	0.002203	169.37	171.37	166.54	169.82	47082392
2015-08-06	0.016478	172.16	176.24	169.91	170.12	24903029
2015-08-05	-0.030272	166.95	169.11	166.33	167.79	31237262
2015-08-04	-0.024247	162.90	164.87	160.64	161.42	1256854
2015-08-03	0.001178	163.10	164.39	162.56	163.76	61445017
2015-07-31	0.024631	167.11	169.46	166.34	168.43	73477365
2015-07-30	-0.000065	167.10	168.14	166.33	166.39	11466183
2015-07-29	0.025884	171.43	171.69	171.38	172.33	45661618
2015-07-28	0.003016	171.95	173.74	170.69	171.03	16205788
2015-07-27	0.007393	173.22	174.91	172.15	173.74	53710320
2015-07-24	0.011685	175.24	177.51	173.91	173.83	5131441
2015-07-23	-0.006933	174.03	178.09	171.50	175.47	18978384
2015-07-22	-0.033657	168.17	170.68	167.92	167.37	57248811
2015-07-21	0.015839	170.83	171.62	167.67	171.18	82640557
2015-07-20	0.018661	174.02	174.05	173.21	173.32	93140812
2015-07-17	-0.000484	173.94	175.44	170.68	174.05	25206209
2015-07-16	-0.014824	171.36	172.34	169.53	172.07	83438326
2015-07-15	-0.028550	166.47	166.97	166.30	167.59	30319153
2015-07-14	0.000268	166.51	167.30	165.43	165.87	91008433
2015-07-13	0.016494	169.26	169.45	165.64	169.42	42081137
2015-07-10	-0.022094	165.52	168.10	164.04	165.12	94541906
2015-07-09	-0.016293	162.82	165.53	162.23	161.66	62987475
2015-07-08	-0.013652	160.60	161.16	157.58	161.63	67730445
2015-07-07	-0.030888	155.64	156.13	155.27	155.09	48962159
2015-07-06	0.004467	156.33	156.46	154.67	156.66	24901936
2015-07-03	0.014415	158.59	162.14	157.12	158.21	65003091
2015-07-02	0.000602	158.68	158.73	155.63	158.36	47062010
2015-07-01	0.008282	159.99	161.82	158.84	159.73	23443693
2015-06-30	-0.023635	156.21	156.75	155.03	156.69	85269427
2015-06-29	-0.032044	151.21	153.89	150.97	150.45	32947774
2015-06-26	-0.002755	150.79	151.56	147.14	149.01	87035520
2015-06-25	-0.023168	147.30	148.62	146.23	146.96	60116644
2015-06-24	-0.002158	146.98	147.61	144.65	145.77	53617189
2015-06-23	0.024205	150.54	151.40	150.47	151.95	7009493
2015-06-22	0.017316	153.14	153.77	151.85	153.44	54986476
2015-06-19	-0.002958	152.69	153.30	152.56	153.18	76105693
2015-06-18	-0.022134	149.31	150.67	148.91	149.57	70482033
2015-06-17	-0.006234	148.38	151.76	147.82	147.80	55527789
2015-06-16	0.010310	149.91	151.29	149.42	149.38	32390627
2015-06-15	-0.009897	148.43	149.26	146.36	149.49	27606172
2015-06-12	-0.024157	144.84	147.63	144.39	144.37	21488313
2015-06-11	-0.026248	141.04	141.41	139.64	141.30	84408421
2015-06-10	0.021197	144.03	144.09	143.43	143.80	61321177
2015-06-09	-0.002511	143.67	146.75	143.43	144.39	64714163
2015-06-08	0.013071	145.55	145.58	145.13	145.56	98452625
2015-06-05	-0.061926	136.53	136.77	135.07	135.14	17640519
2015-06-04	0.009125	137.78	138.16	136.14	137.04	80977634
2015-06-03	-0.007081	136.80	138.39	136.00	136.73	92235551
2015-06-02	0.007019	137.76	137.82	137.70	137.22	41066606
2015-06-01	0.001575	137.98	138.43	137.94	138.61	77461142
2015-05-29	0.019627	140.69	143.77	138.07	140.42	12162420
2015-05-28	0.005384	141.45	141.90	140.00	142.02	90919851
2015-05-27	-0.002100	141.15	141.42	140.64	141.23	93023220
2015-05-26	0.017227	143.58	143.61	141.65	142.82	30004921
2015-05-25	-0.018742	140.89	142.70	140.70	140.82	77896505
2015-05-22	0.001117	141.05	143.09	140.54	140.89	11435467
2015-05-21	0.007360	142.08	143.69	142.04	141.73	98426518
2015-05-20	-0.002433	141.74	143.54	140.59	142.35	27207511
2015-05-19	-0.017175	139.30	139.58	137.93	138.44	33835444
2015-05-18	-0.004771	138.64	139.23	136.02	137.94	99067646
2015-05-15	-0.009250	137.36	137.48	136.13	136.86	91400842
2015-05-14	0.005257	138.08	138.91	135.62	138.35	22276009
2015-05-13	-0.018282	135.56	136.48	133.71	134.34	40833937
2015-05-12	-0.006001	134.74	135.20	132.98	133.98	11982749
2015-05-11	0.000596	134.82	135.43	134.36	135.29	84885637
2015-05-08	-0.000728	134.72	134.85	133.55	135.84	86577066
2015-05-07	0.000071	134.73	136.40	132.65	135.13	98469701
2015-05-06	-0.012211	133.09	134.38	130.15	132.49	52922255
2015-05-05	-0.014214	131.20	131.51	129.54	130.68	30212349
2015-05-04	0.010680	132.60	133.31	131.72	131.73	12484076
2015-05-01	-0.027484	128.95	130.13	127.76	128.45	12228898
2015-04-30	-0.034600	124.49	125.25	121.94	124.17	34897966
2015-04-29	0.014632	126.31	127.41	125.22	127.03	63901443
2015-04-28	0.008511	127.39	127.98	126.54	126.78	69461259
2015-04-27	-0.000251	127.36	128.82	126.76	126.92	51761159
2015-04-24	-0.033251	123.12	124.90	122.29	123.79	96117670
2015-04-23	0.021135	125.72	128.30	124.87	125.94	74938914
2015-04-22	-0.010035	124.46	125.41	123.95	125.00	70965260
2015-04-21	0.030508	128.26	128.36	127.43	127.82	94758013
2015-04-20	0.019570	130.77	132.64	128.55	129.68	26439925
2015-04-17	-0.042342	125.23	125.81	125.08	125.52	95048257
2015-04-16	-0.021374	122.56	124.19	121.51	121.85	11338168
2015-04-15	-0.006879	121.71	122.81	119.76	121.17	12904642
2015-04-14	-0.009893	120.51	120.83	118.23	121.54	93307703
2015-04-13	0.008789	121.57	122.91	120.97	121.71	73581501
2015-04-10	0.000852	121.67	121.96	120.78	121.92	40767725
2015-04-09	0.014163	123.39	123.99	122.85	123.83	13905506
2015-04-08	0.031596	127.29	129.51	125.78	127.62	47302933
2015-04-07	-0.014083	125.50	125.96	124.55	125.84	57272595
2015-04-06	-0.002977	125.13	125.31	123.85	124.53	84626747
2015-04-03	-0.009396	123.95	124.50	123.39	125.44	97391177
2015-04-02	0.014573	125.76	126.19	123.92	126.21	53371681
2015-04-01	0.000817	125.86	127.38	125.72	125.33	34550878
2015-03-31	0.008891	126.98	127.95	126.76	127.68	29375650
2015-03-30	0.045814	132.80	133.64	132.67	132.71	94774306
2015-03-27	-0.046077	126.68	126.69	123.72	127.04	28231646
2015-03-26	-0.001466	126.49	127.95	126.22	126.21	29007243
2015-03-25	-0.036595	121.86	123.05	120.67	120.11	51832248
2015-03-24	-0.003289	121.46	123.70	119.84	120.55	5798605
2015-03-23	0.023854	124.36	124.50	123.39	124.77	33831193
2015-03-20	-0.001278	124.20	124.97	124.12	124.12	2620241
2015-03-19	-0.008188	123.18	123.53	121.63	123.85	1919876
2015-03-18	-0.016122	121.20	121.85	119.92	120.24	43015048
2015-03-17	-0.011542	119.80	120.29	119.40	119.13	30530455
2015-03-16	-0.004822	119.22	120.26	117.74	118.31	22986119
2015-03-13	0.022345	121.89	122.97	120.85	121.90	70778146
2015-03-12	-0.021342	119.28	119.47	117.79	118.57	98349151
2015-03-11	0.000568	119.35	119.59	118.91	119.50	82174050
2015-03-10	0.001653	119.55	119.84	118.14	119.84	16902008
2015-03-09	-0.035493	115.31	117.33	115.22	115.25	68578057
2015-03-06	-0.004806	114.75	116.05	113.73	113.84	7346316
2015-03-05	0.025361	117.66	119.59	116.35	117.45	49866076
2015-03-04	0.050134	123.56	125.80	120.56	124.63	98184017
2015-03-03	0.006742	124.39	124.45	123.91	123.95	98587944
2015-03-02	-0.005993	123.65	124.54	123.56	123.78	89551816
2015-02-27	-0.004861	123.05	123.32	120.46	122.33	5511858
2015-02-26	-0.000824	122.95	123.64	121.65	122.97	9783376
2015-02-25	-0.012368	121.43	122.10	119.45	120.91	9085317
2015-02-24	-0.007009	120.57	120.71	118.60	121.83	10712985
2015-02-23	-0.033870	116.49	117.16	116.04	116.00	55747099
2015-02-20	0.027507	119.69	121.16	119.64	119.94	99811077
2015-02-19	0.031751	123.50	125.57	123.04	123.16	50399529
2015-02-18	0.008093	124.49	124.82	123.62	124.84	20399115
2015-02-17	-0.026061	121.25	122.11	120.68	121.33	85493252
2015-02-16	-0.008602	120.21	121.56	119.23	119.43	17262201
2015-02-13	-0.003723	119.76	119.92	118.20	121.24	52571257
2015-02-12	-0.017103	117.71	118.47	117.01	118.16	99187679
2015-02-11	-0.000260	117.68	118.23	117.53	118.22	21244617
2015-02-10	0.010714	118.94	120.94	118.68	118.93	71521769
2015-02-09	0.030820	122.61	123.58	121.81	121.69	64373329
2015-02-06	-0.006802	121.77	122.45	121.31	120.57	32182511
2015-02-05	0.003280	122.17	122.81	121.14	122.75	31254030
2015-02-04	0.017171	124.27	124.48	123.42	124.16	42254664
2015-02-03	0.024453	127.31	127.86	127.26	128.28	66123423
2015-02-02	0.024315	130.40	131.76	130.14	130.09	73503879
2015-01-30	-0.008846	129.25	131.69	128.85	130.04	86899575
2015-01-29	-0.039987	124.08	125.54	123.30	124.43	82595298
2015-01-28	-0.013013	122.47	122.91	121.56	122.65	4050536
2015-01-27	-0.030831	118.69	119.27	118.64	118.98	54612370
2015-01-26	-0.009191	117.60	118.68	117.38	118.21	94577477
2015-01-23	-0.013801	115.98	116.81	114.76	115.70	80342747
2015-01-22	0.040621	120.69	121.26	119.12	120.06	55983725
2015-01-21	-0.000711	120.60	121.54	119.56	121.11	75643950
2015-01-20	-0.009871	119.41	120.61	118.85	119.64	43980156
2015-01-19	-0.024484	116.49	118.95	116.01	116.22	95658800
2015-01-16	-0.004810	115.93	116.58	115.53	115.98	3736177
2015-01-15	0.035591	120.06	120.10	119.65	120.98	70673964
2015-01-14	0.003303	120.45	121.62	118.01	120.75	49682648
2015-01-13	-0.006382	119.68	121.16	119.08	120.38	94542791
2015-01-12	-0.001664	119.48	121.52	117.21	120.01	83036434
2015-01-09	0.024183	122.37	123.30	121.47	122.52	54959609
2015-01-08	0.017064	124.46	124.68	123.96	124.01	94390551
2015-01-07	-0.019703	122.01	122.98	121.27	121.54	62733570
2015-01-06	0.001375	122.18	122.93	119.92	122.21	7854438
2015-01-05	0.003017	122.55	123.26	122.16	122.09	55285993
2015-01-02	-0.009370	121.40	122.21	117.47	121.68	48456942
2015-01-01	0.010089	122.62	124.00	122.45	123.55	87661943
2014-12-31	0.001581	122.82	123.67	121.24	123.39	86483715
2014-12-30	0.028774	126.35	127.07	124.86	125.68	72978860
2014-12-29	-0.032963	122.19	123.99	121.62	122.48	78681600
2014-12-26	0.029208	125.75	125.90	124.58	125.93	31677313
2014-12-25	0.002607	126.08	126.70	125.55	127.16	30347930
2014-12-24	-0.004372	125.53	126.16	125.43	125.76	52087599
2014-12-23	0.020894	128.15	128.70	127.62	127.38	3292166
2014-12-22	-0.003633	127.69	127.98	126.78	127.46	92095460
2014-12-19	-0.030975	123.73	125.91	123.67	124.45	12638923
2014-12-18	-0.042879	118.43	118.97	117.90	118.08	6565791
2014-12-17	-0.004236	117.93	119.23	117.92	117.06	87013446
2014-12-16	-0.005024	117.33	118.46	116.45	117.33	81142715
2014-12-15	0.010652	118.58	118.98	116.98	118.94	70608004
2014-12-12	-0.020945	116.10	116.38	114.15	115.97	26975834
2014-12-11	-0.001820	115.89	117.24	114.98	116.14	11533608
2014-12-10	-0.004601	115.35	116.84	114.42	115.48	43300881
2014-12-09	-0.010543	114.14	115.69	113.91	113.65	2034075
2014-12-08	0.008413	115.10	117.00	114.66	114.42	69487595
2014-12-05	0.012051	116.49	117.52	115.70	115.46	7959328
2014-12-04	0.016948	118.46	118.55	116.64	119.69	6954040
2014-12-03	-0.026713	115.30	117.11	115.01	114.87	65127459
2014-12-02	-0.022592	112.69	114.82	112.66	111.89	81954269
2014-12-01	-0.002730	112.38	113.62	111.96	112.26	68884394
2014-11-28	-0.001193	112.25	113.78	111.65	112.32	41877045
2014-11-27	0.009094	113.27	113.74	109.96	112.00	37144176
2014-11-26	0.007678	114.14	115.31	113.79	115.14	24358427
2014-11-25	0.035610	118.20	119.89	117.59	118.14	18113949
2014-11-24	-0.007151	117.36	119.26	117.17	116.40	60623949
2014-11-21	0.039637	122.01	123.15	121.28	120.98	58769000
2014-11-20	-0.015374	120.14	120.32	118.41	119.64	20255773
2014-11-19	-0.074418	111.19	112.27	111.15	111.05	1331338
2014-11-18	0.003204	111.55	112.53	111.41	112.27	30438342
2014-11-17	-0.012215	110.19	112.14	108.83	110.50	79198637
2014-11-14	0.012218	111.53	113.74	109.95	110.52	67623038
2014-11-13	0.011872	112.86	114.03	112.84	112.58	27056274
2014-11-12	-0.035789	108.82	109.93	108.77	108.72	67473182
2014-11-11	0.000467	108.87	109.37	107.68	109.43	88641719
2014-11-10	-0.031136	105.48	107.89	104.98	105.38	11604489
2014-11-07	-0.015645	103.83	104.76	103.61	103.39	43375447
2014-11-06	0.013526	105.24	105.66	104.30	106.12	68436591
2014-11-05	0.018119	107.14	107.51	106.26	107.72	6030495
2014-11-04	-0.021486	104.84	105.04	103.77	104.67	13562569
2014-11-03	-0.002268	104.60	106.17	103.97	104.38	96861893
2014-10-31	0.000586	104.66	105.16	104.35	105.22	7755145
2014-10-30	0.019465	106.70	106.79	106.07	106.86	47042789
2014-10-29	0.017457	108.56	109.02	108.07	107.86	45621367
2014-10-28	-0.003810	108.15	108.16	106.58	107.49	43741869
2014-10-27	-0.018780	106.12	107.63	105.32	106.45	51449943
2014-10-24	-0.043442	101.51	102.58	99.85	100.57	75185527
2014-10-23	-0.025965	98.87	100.06	98.37	99.51	72507663
2014-10-22	0.010708	99.93	101.29	99.78	99.29	42911917
2014-10-21	-0.001382	99.79	100.45	99.68	99.94	9826684
2014-10-20	-0.020701	97.73	98.44	97.28	97.73	40369387
2014-10-17	-0.010834	96.67	97.89	95.04	96.10	64626075
2014-10-16	0.025448	99.13	99.42	98.88	100.20	86049013
2014-10-15	0.013097	100.43	101.25	99.52	101.09	57602536
2014-10-14	0.019232	102.36	102.68	102.25	102.80	19586487
2014-10-13	-0.022157	100.09	101.64	99.92	99.64	34642984
2014-10-10	-0.009037	99.19	99.66	98.91	99.38	4624012
2014-10-09	0.022863	101.45	102.35	100.45	101.71	13137215
2014-10-08	0.008615	102.33	103.69	101.37	102.43	1369166
2014-10-07	0.006458	102.99	104.08	101.62	101.91	65246298
2014-10-06	0.007519	103.76	103.98	102.78	103.41	2958547
2014-10-03	-0.002712	103.48	104.95	103.35	103.80	58351984
2014-10-02	0.024115	105.98	106.55	105.00	106.95	97046242
2014-10-01	-0.007274	105.21	106.17	105.20	106.42	6037885
2014-09-30	0.003147	105.54	106.92	104.85	104.89	13846580
2014-09-29	0.000424	105.58	105.62	103.91	105.92	25615081
2014-09-26	0.000474	105.63	107.52	105.23	105.20	7593163
2014-09-25	-0.011750	104.39	105.38	103.24	104.34	59544190
2014-09-24	-0.002063	104.18	105.22	103.97	104.23	20502756
2014-09-23	-0.014220	102.69	102.95	101.63	103.11	42432541
2014-09-22	-0.003980	102.29	102.31	99.66	101.28	63147651
2014-09-19	-0.003179	101.96	103.46	101.86	102.42	17852355
2014-09-18	-0.003585	101.59	102.04	101.01	101.62	95514791
2014-09-17	-0.002057	101.39	101.72	100.69	100.64	7030506
2014-09-16	-0.019176	99.44	100.03	98.51	98.79	7590682
2014-09-15	-0.005311	98.91	99.58	97.46	98.80	89908293
2014-09-12	0.027322	101.62	103.75	101.14	101.59	55730555
2014-09-11	-0.027202	98.85	99.15	98.17	99.52	80370741
2014-09-10	0.007825	99.63	100.16	99.62	99.74	44516283
2014-09-09	0.001468	99.77	100.24	98.69	99.47	49513187
2014-09-08	-0.024796	97.30	98.88	94.68	97.27	3948666
2014-09-05	0.023501	99.58	99.94	98.07	99.67	21047572
2014-09-04	-0.005454	99.04	100.31	98.94	99.00	10345295
2014-09-03	0.032924	102.30	102.33	100.71	102.07	63583853
2014-09-02	0.009468	103.27	103.72	102.99	103.03	54043898
2014-09-01	-0.001641	103.10	104.07	102.55	103.29	7854822
2014-08-29	-0.017257	101.32	102.43	101.26	101.13	69822932
2014-08-28	0.030415	104.40	104.46	102.01	104.65	89362971
2014-08-27	-0.021910	102.12	103.19	101.96	102.38	14131583
2014-08-26	0.006417	102.77	104.29	102.33	102.96	37449430
2014-08-25	0.014831	104.30	104.38	104.19	104.62	14550335
2014-08-22	-0.013605	102.88	102.93	102.72	102.83	18234375
2014-08-21	0.019022	104.83	105.16	104.67	104.15	2062030
2014-08-20	-0.000888	104.74	105.56	103.86	104.97	72780514
2014-08-19	-0.031958	101.39	101.68	100.82	101.56	28729131
2014-08-18	-0.025124	98.85	98.88	98.68	98.20	13857202
2014-08-15	0.024790	101.30	103.51	100.51	101.22	4957722
2014-08-14	0.018935	103.21	103.41	102.05	102.62	83394041
2014-08-13	-0.009151	102.27	102.43	101.64	102.88	21011123
2014-08-12	-0.028077	99.40	100.87	99.21	99.92	77563193
2014-08-11	0.029214	102.30	103.94	102.10	101.86	13693219
2014-08-08	-0.024747	99.77	101.04	97.33	99.51	7248719
2014-08-07	-0.009566	98.82	99.47	98.40	98.74	11162019
2014-08-06	-0.010447	97.78	98.27	96.37	97.35	24988969
2014-08-05	-0.020856	95.74	95.93	94.84	96.16	90112097
2014-08-04	-0.013026	94.50	94.51	93.42	94.63	74878277
2014-08-01	0.022164	96.59	97.39	96.21	96.39	61472594
2014-07-31	-0.012036	95.43	95.71	93.67	95.42	4380146
2014-07-30	-0.020350	93.49	93.52	93.18	93.08	3617040
2014-07-29	0.001590	93.64	95.27	92.63	93.28	47899954
2014-07-28	-0.002598	93.39	95.21	91.75	94.04	32190493
2014-07-25	-0.037244	89.91	90.01	89.68	90.61	14757423
2014-07-24	-0.039526	86.36	87.15	86.07	86.84	33445080
2014-07-23	-0.014594	85.10	86.34	84.62	84.70	56538647
2014-07-22	0.008646	85.84	86.73	85.28	85.92	70679683
2014-07-21	0.019746	87.53	87.96	87.27	87.40	30286219
2014-07-18	0.003027	87.80	89.36	87.30	88.08	49629318
2014-07-17	-0.021050	85.95	86.03	85.43	85.62	94323333
2014-07-16	-0.016841	84.50	85.77	84.15	85.58	31152565
2014-07-15	-0.001348	84.39	84.92	84.29	84.50	35211391
2014-07-14	0.001711	84.53	85.87	82.49	83.82	68144386
2014-07-11	0.038006	87.74	88.18	86.96	87.84	74704663
2014-07-10	0.009143	88.55	88.66	88.01	88.42	70914049
2014-07-09	0.028587	91.08	91.62	90.69	90.58	24830565
2014-07-08	0.015637	92.50	93.19	92.33	91.51	1845645
2014-07-07	-0.005025	92.04	92.07	90.81	91.61	50768107
2014-07-04	0.017018	93.60	94.27	93.43	93.02	55609760
2014-07-03	0.001435	93.74	95.35	93.11	93.45	77958924
2014-07-02	-0.001742	93.57	94.46	92.21	93.58	65884763
2014-07-01	0.015777	95.05	96.50	94.91	95.00	28416549
2014-06-30	-0.011101	93.99	94.02	93.68	94.24	67968948
2014-06-27	-0.040298	90.21	90.34	90.19	89.62	58730599
2014-06-26	0.008382	90.96	91.62	90.23	91.00	45354507
2014-06-25	-0.007057	90.32	90.80	89.53	91.36	46642226
2014-06-24	0.012331	91.43	91.58	91.20	91.97	28295489
2014-06-23	-0.014243	90.13	91.05	89.33	89.86	78350281
2014-06-20	0.060440	95.58	95.59	94.39	95.17	3904036
2014-06-19	-0.012679	94.37	94.67	94.09	94.23	44357578
2014-06-18	-0.016706	92.79	93.39	92.72	92.40	35466820
2014-06-17	-0.000364	92.76	93.71	90.25	93.17	1659855
2014-06-16	0.030277	95.57	97.55	94.32	95.90	71326237
2014-06-13	-0.002334	95.34	95.53	95.30	95.59	38838757
2014-06-12	0.003342	95.66	96.32	94.63	95.42	95969270
2014-06-11	0.011361	96.75	98.16	96.63	97.51	97394351
2014-06-10	0.021518	98.83	99.20	97.42	99.00	12902609
2014-06-09	0.023992	101.20	102.41	100.98	101.01	62563843
2014-06-06	-0.008394	100.35	100.48	99.96	100.17	63069547
2014-06-05	-0.002713	100.08	100.34	98.77	98.79	56188724
2014-06-04	-0.015243	98.55	99.35	97.65	97.57	39592220
2014-06-03	-0.006174	97.95	98.40	96.86	98.11	30767843
2014-06-02	-0.023954	95.60	96.09	95.14	95.77	12616728
2014-05-30	0.008504	96.41	96.60	96.41	97.45	67495290
2014-05-29	-0.022123	94.28	95.26	93.56	93.62	98102777
2014-05-28	0.019810	96.15	96.33	95.80	96.16	54223798
2014-05-27	-0.038503	92.45	93.46	92.10	92.61	79472540
2014-05-26	-0.018943	90.69	91.00	90.04	90.61	25604135
2014-05-23	0.011243	91.71	92.09	91.66	92.38	16398197
2014-05-22	0.004440	92.12	93.02	91.76	92.68	25368893
2014-05-21	-0.018399	90.43	90.54	90.02	91.09	4104030
2014-05-20	0.003721	90.76	91.60	90.03	90.48	20922713
2014-05-19	-0.013969	89.49	91.00	89.28	88.99	30182708
2014-05-16	-0.017409	87.94	88.76	86.72	88.08	89342992
2014-05-15	-0.003675	87.61	88.30	87.58	87.29	4155270
2014-05-14	-0.010297	86.71	87.52	86.59	87.07	79554462
2014-05-13	0.009253	87.51	88.31	86.90	87.66	45814768
2014-05-12	0.000236	87.53	87.70	87.15	87.18	51175118
2014-05-09	0.030127	90.17	90.68	89.40	90.67	65166619
2014-05-08	-0.009754	89.29	90.96	89.11	89.01	32083476
2014-05-07	0.022881	91.33	91.41	90.72	90.21	25272230
2014-05-06	0.006812	91.96	91.98	91.95	92.10	86388332
2014-05-05	0.024456	94.21	94.71	93.96	94.18	20157978
2014-05-02	-0.016275	92.67	94.05	90.91	92.45	55435762
2014-05-01	-0.001123	92.57	92.69	91.05	92.47	82600385
2014-04-30	0.013705	93.84	94.37	93.62	94.25	59811965
2014-04-29	-0.020998	91.87	92.53	91.01	91.72	4366412
2014-04-28	-0.027758	89.32	89.53	88.57	89.18	34507279
2014-04-25	0.023387	91.41	91.57	90.86	90.75	12135552
2014-04-24	0.016202	92.89	94.22	92.11	93.53	47785635
2014-04-23	0.010373	93.85	93.89	93.55	93.80	81955261
2014-04-22	-0.009455	92.96	94.08	92.60	93.64	62105986
2014-04-21	0.003831	93.32	94.34	92.03	94.16	61475481
2014-04-18	0.032299	96.33	97.43	95.33	96.69	41397078
2014-04-17	-0.015125	94.88	95.60	94.75	94.28	39444130
2014-04-16	-0.001906	94.70	95.20	94.17	95.00	87551319
2014-04-15	-0.001508	94.55	95.78	92.57	94.71	57781919
2014-04-14	-0.001937	94.37	95.11	93.61	93.59	94638324
2014-04-11	-0.055079	89.17	89.67	88.44	88.88	47522120
2014-04-10	0.034682	92.26	93.73	91.02	92.31	94368824
2014-04-09	-0.012856	91.08	92.24	90.45	91.64	24104967
2014-04-08	-0.010623	90.11	90.20	89.56	90.02	40812982
2014-04-07	0.025641	92.42	93.15	91.80	93.29	18621497
2014-04-04	0.033680	95.53	95.80	95.22	95.97	8355431
2014-04-03	-0.034230	92.26	94.13	91.51	92.52	33762971
2014-04-02	0.016701	93.80	94.00	93.65	93.63	72369225
2014-04-01	0.001719	93.97	94.56	93.24	93.21	83952344
2014-03-31	-0.015977	92.46	93.66	91.20	92.11	18384980
2014-03-28	0.012445	93.62	94.90	93.30	93.75	18815285
2014-03-27	-0.004691	93.18	94.09	92.03	92.61	46383767
2014-03-26	-0.002520	92.94	93.55	91.95	92.60	52483049
2014-03-25	-0.054382	87.89	88.28	86.81	87.90	6366681
2014-03-24	0.017275	89.41	89.52	88.91	88.86	72028969
2014-03-21	-0.003363	89.10	89.44	88.88	89.40	24271453
2014-03-20	0.000040	89.11	89.45	88.52	89.33	95034822
2014-03-19	-0.006164	88.56	88.85	88.03	88.46	99902762
2014-03-18	0.047684	92.78	93.01	92.52	92.41	50406533
2014-03-17	0.001777	92.95	95.04	91.75	93.50	56744461
2014-03-14	-0.002482	92.72	92.94	91.59	93.29	19508718
2014-03-13	-0.004294	92.32	93.39	90.64	92.21	65597907
2014-03-12	0.022751	94.42	95.06	93.65	94.15	48269476
2014-03-11	-0.009417	93.53	95.52	93.11	93.53	40123531
2014-03-10	0.002478	93.76	96.34	92.41	93.01	22072216
2014-03-07	-0.040615	89.95	90.38	89.30	89.76	1171086
2014-03-06	0.007585	90.63	92.44	89.13	90.42	38130201
2014-03-05	-0.009835	89.74	90.29	88.34	89.41	47619237
2014-03-04	-0.024476	87.55	87.72	87.34	88.06	61778893
2014-03-03	-0.025378	85.32	86.29	84.84	84.79	53853866
2014-02-28	0.014208	86.54	86.92	85.37	86.16	95822375
2014-02-27	-0.005927	86.02	87.60	84.94	86.14	88360613
2014-02-26	0.000168	86.04	86.77	85.32	86.35	65583620
2014-02-25	0.015912	87.41	88.17	86.73	87.10	85396644
2014-02-24	-0.019385	85.71	85.82	85.14	85.83	15144597
2014-02-21	0.010019	86.57	87.37	85.27	86.41	44557529
2014-02-20	0.006751	87.16	87.77	86.01	87.43	1420845
2014-02-19	0.009026	87.94	89.03	87.74	87.74	84455676
2014-02-18	0.021300	89.82	90.24	89.71	90.10	27719944
2014-02-17	0.054093	94.67	95.65	93.83	94.52	56722955
2014-02-14	-0.025328	92.28	92.95	90.62	91.83	85876134
2014-02-13	0.013462	93.52	95.54	93.12	93.08	29987274
2014-02-12	-0.011409	92.45	93.68	92.01	92.25	21069485
2014-02-11	0.016934	94.02	94.90	93.85	93.87	71044315
2014-02-10	0.004958	94.48	95.39	93.74	94.56	39640928
2014-02-07	0.033492	97.65	98.95	97.48	97.16	63068381
2014-02-06	0.000946	97.74	97.91	97.08	97.19	80661447
2014-02-05	0.019696	99.67	99.96	99.10	99.83	41473405
2014-02-04	-0.004931	99.17	99.94	98.68	100.10	71534494
2014-02-03	-0.000211	99.15	99.57	98.89	98.99	92228699
2014-01-31	-0.000129	99.14	99.94	98.13	99.91	26054881
2014-01-30	0.011240	100.26	101.08	98.66	100.33	35763067
2014-01-29	0.051351	105.40	106.63	104.00	105.27	70425954
2014-01-28	0.002525	105.67	106.47	103.38	105.13	2814242
2014-01-27	-0.044682	100.95	102.33	99.71	100.77	90176931
2014-01-24	0.030913	104.07	105.07	101.32	104.62	16400223
2014-01-23	-0.012604	102.76	104.05	101.65	101.27	59323573
2014-01-22	-0.043341	98.30	98.96	97.21	98.25	81401838
2014-01-21	0.014910	99.77	99.90	99.33	100.66	11701078
2014-01-20	0.010535	100.82	101.50	100.69	100.99	3205526
2014-01-17	-0.005291	100.29	101.21	98.90	99.82	70935953
2014-01-16	-0.019476	98.33	98.51	97.84	98.40	10276484
2014-01-15	0.010280	99.34	101.99	99.28	99.60	90536816
2014-01-14	0.015042	100.84	102.16	99.50	100.93	38969799
2014-01-13	0.005985	101.44	101.83	100.66	102.21	58374004
2014-01-10	-0.015127	99.91	100.59	98.84	99.71	44521257
2014-01-09	-0.010557	98.85	99.96	98.04	99.74	98776055
2014-01-08	-0.052723	93.64	95.82	92.72	93.99	65873171
2014-01-07	-0.006943	92.99	93.65	92.84	93.17	62819579
2014-01-06	0.006075	93.56	94.40	93.32	93.90	41320018
2014-01-03	0.000288	93.58	93.78	92.64	93.20	20861000
2014-01-02	0.018860	95.35	95.87	94.49	95.51	21908081
